Year,unit_code,LEA,____LEA Name____,School,___School Name___,Indian Male,Indian Female,Asian Male,Asian Female,Hispanic Male,Hispanic Female,Black Male,Black Female,White Male,White Female,Pacific Island Male,Pacific Island Female,Two or  More Male,Two or  More Female,Total,White,Black,Hispanic,Indian,Asian,Pacific Island,Two or More,White_Pct,Majority_Minority
2017,010303,10,Alamance-Burlington Schools,303,Alamance-Burlington Middle College,0,0,1,0,19,23,5,22,25,51,0,0,2,5,153,76,27,42,0,1,0,7,0.496732026,1
2017,010304,10,Alamance-Burlington Schools,304,Alexander Wilson Elementary,0,0,4,3,69,65,27,28,191,157,0,0,10,18,572,348,55,134,0,7,0,28,0.608391608,0
2017,010308,10,Alamance-Burlington Schools,308,Altamahaw Ossipee Elem,1,1,0,0,36,57,28,26,231,206,0,1,11,11,609,437,54,93,2,0,1,22,0.717569787,0
2017,010310,10,Alamance-Burlington Schools,310,Broadview Middle,0,1,5,2,179,195,135,136,29,24,0,1,16,14,737,53,271,374,1,7,1,30,0.071913161,1
2017,010312,10,Alamance-Burlington Schools,312,Highland Elementary,2,0,21,21,41,49,63,69,192,207,0,0,15,11,691,399,132,90,2,42,0,26,0.577424023,0
2017,010320,10,Alamance-Burlington Schools,320,E M Yoder Elementary,1,0,1,4,24,15,40,31,112,99,0,0,6,7,340,211,71,39,1,5,0,13,0.620588235,0
2017,010324,10,Alamance-Burlington Schools,324,Eastern Alamance High,1,3,7,4,77,74,157,114,405,333,1,1,24,39,1240,738,271,151,4,11,2,63,0.59516129,0
2017,010326,10,Alamance-Burlington Schools,326,Eastlawn Elementary,0,1,0,0,141,123,102,75,23,21,1,1,6,11,505,44,177,264,1,0,2,17,0.087128713,1
2017,010328,10,Alamance-Burlington Schools,328,Edwin M Holt Elementary,1,3,1,1,19,14,12,9,259,221,0,0,7,7,554,480,21,33,4,2,0,14,0.866425993,0
2017,010340,10,Alamance-Burlington Schools,340,Elon Elementary,2,1,8,5,77,76,52,45,199,236,0,0,14,15,730,435,97,153,3,13,0,29,0.595890411,0
2017,010346,10,Alamance-Burlington Schools,346,B Everett Jordan Elem,0,0,0,1,50,39,18,13,118,130,0,0,8,6,383,248,31,89,0,1,0,14,0.647519582,0
2017,010347,10,Alamance-Burlington Schools,347,Garrett Elementary,4,1,7,3,81,89,44,57,183,191,0,0,17,19,696,374,101,170,5,10,0,36,0.537356322,0
2017,010348,10,Alamance-Burlington Schools,348,Graham High,3,2,10,8,159,196,133,108,104,75,0,0,24,17,839,179,241,355,5,18,0,41,0.213349225,1
2017,010350,10,Alamance-Burlington Schools,350,Graham Middle,1,1,5,4,149,143,77,80,79,48,0,1,17,14,619,127,157,292,2,9,1,31,0.205169628,1
2017,010351,10,Alamance-Burlington Schools,351,Grove Park Elementary,1,0,4,1,68,75,104,84,63,48,0,0,19,14,481,111,188,143,1,5,0,33,0.230769231,1
2017,010353,10,Alamance-Burlington Schools,353,Hawfields Middle,3,1,0,4,83,84,45,40,186,161,2,0,13,11,633,347,85,167,4,4,2,24,0.548183254,0
2017,010354,10,Alamance-Burlington Schools,354,Harvey R Newlin Elementary,2,0,1,4,110,114,134,122,38,54,0,0,17,9,605,92,256,224,2,5,0,26,0.152066116,1
2017,010357,10,Alamance-Burlington Schools,357,Haw River Elementary,4,5,0,3,134,115,60,63,52,48,0,0,14,12,510,100,123,249,9,3,0,26,0.196078431,1
2017,010358,10,Alamance-Burlington Schools,358,Hillcrest Elementary,0,2,1,5,95,79,159,133,75,47,0,0,29,13,638,122,292,174,2,6,0,42,0.191222571,1
2017,010360,10,Alamance-Burlington Schools,360,Hugh M Cummings High,1,2,5,7,240,209,182,177,42,33,0,0,25,16,939,75,359,449,3,12,0,41,0.079872204,1
2017,010362,10,Alamance-Burlington Schools,362,Marvin B Smith Elementary,1,2,12,6,52,47,64,68,135,109,0,1,10,20,527,244,132,99,3,18,1,30,0.462998102,1
2017,010364,10,Alamance-Burlington Schools,364,North Graham Elementary,2,1,3,0,64,60,71,68,31,27,0,0,13,8,348,58,139,124,3,3,0,21,0.166666667,1
2017,010372,10,Alamance-Burlington Schools,372,Pleasant Grove Elementary,0,0,0,0,36,30,25,34,57,45,1,1,8,9,246,102,59,66,0,0,2,17,0.414634146,1
2017,010374,10,Alamance-Burlington Schools,374,R Homer Andrews Elementary,1,4,3,3,197,167,90,86,16,14,0,0,6,8,595,30,176,364,5,6,0,14,0.050420168,1
2017,010378,10,Alamance-Burlington Schools,378,Ray Street Academy,0,0,1,0,6,0,24,7,37,12,0,0,2,0,89,49,31,6,0,1,0,2,0.550561798,0
2017,010380,10,Alamance-Burlington Schools,380,South Graham Elementary,3,2,5,11,132,108,73,63,91,48,0,0,14,9,559,139,136,240,5,16,0,23,0.248658318,1
2017,010384,10,Alamance-Burlington Schools,384,South Mebane Elementary,1,1,9,8,33,32,78,93,150,164,0,1,29,26,625,314,171,65,2,17,1,55,0.5024,0
2017,010388,10,Alamance-Burlington Schools,388,Southern High,2,2,8,6,105,100,72,49,602,550,0,0,16,20,1532,1152,121,205,4,14,0,36,0.751958225,0
2017,010390,10,Alamance-Burlington Schools,390,Southern Middle,1,2,4,0,48,40,16,15,309,289,0,0,11,12,747,598,31,88,3,4,0,23,0.800535475,0
2017,010392,10,Alamance-Burlington Schools,392,Sylvan Elementary,0,0,3,1,16,20,7,4,114,108,0,0,7,5,285,222,11,36,0,4,0,12,0.778947368,0
2017,010394,10,Alamance-Burlington Schools,394,Turrentine Middle,1,0,11,6,114,96,147,119,107,105,1,1,20,29,757,212,266,210,1,17,2,49,0.28005284,1
2017,010396,10,Alamance-Burlington Schools,396,Walter M Williams High,2,1,16,15,123,140,189,202,223,193,1,1,30,25,1161,416,391,263,3,31,2,55,0.3583118,1
2017,010400,10,Alamance-Burlington Schools,400,Western Alamance High,1,1,9,12,86,75,97,68,455,434,4,0,21,21,1284,889,165,161,2,21,4,42,0.692367601,0
2017,010403,10,Alamance-Burlington Schools,403,Western Middle,1,3,5,6,62,62,41,52,337,304,3,1,15,12,904,641,93,124,4,11,4,27,0.709070796,0
2017,010406,10,Alamance-Burlington Schools,406,Woodlawn Middle,2,2,4,2,43,37,57,55,165,137,0,0,14,19,537,302,112,80,4,6,0,33,0.562383613,0
2017,020302,20,Alexander County Schools,302,Alexander Central High,0,2,14,9,64,46,34,25,614,589,0,0,20,26,1443,1203,59,110,2,23,0,46,0.833679834,0
2017,020303,20,Alexander County Schools,303,Alexander Early College,0,0,2,0,5,6,0,3,18,21,0,0,0,1,56,39,3,11,0,2,0,1,0.696428571,0
2017,020304,20,Alexander County Schools,304,Bethlehem Elementary,0,0,5,7,13,9,2,5,188,203,0,1,6,7,446,391,7,22,0,12,1,13,0.876681614,0
2017,020306,20,Alexander County Schools,306,East Alexander Middle,1,1,5,5,48,42,19,14,227,233,0,0,19,11,625,460,33,90,2,10,0,30,0.736,0
2017,020316,20,Alexander County Schools,316,Hiddenite Elementary,0,0,6,2,45,38,11,14,196,146,0,3,13,7,481,342,25,83,0,8,3,20,0.711018711,0
2017,020320,20,Alexander County Schools,320,Stony Point Elementary,0,0,1,2,8,14,5,8,106,95,0,0,17,3,259,201,13,22,0,3,0,20,0.776061776,0
2017,020324,20,Alexander County Schools,324,Sugar Loaf Elementary,0,0,0,2,9,3,4,0,96,112,0,0,7,5,238,208,4,12,0,2,0,12,0.87394958,0
2017,020328,20,Alexander County Schools,328,Taylorsville Elementary,0,0,0,5,27,32,20,9,81,73,0,0,11,14,272,154,29,59,0,5,0,25,0.566176471,0
2017,020330,20,Alexander County Schools,330,West Alexander Middle,0,0,3,8,11,8,3,4,232,220,0,0,11,7,507,452,7,19,0,11,0,18,0.891518738,0
2017,020332,20,Alexander County Schools,332,Wittenburg Elementary,0,0,3,2,16,16,3,2,117,118,0,0,7,11,295,235,5,32,0,5,0,18,0.796610169,0
2017,030304,30,Alleghany County Schools,304,Alleghany High,0,3,1,0,41,40,4,0,181,170,0,0,2,2,444,351,4,81,3,1,0,4,0.790540541,0
2017,030308,30,Alleghany County Schools,308,Glade Creek Elementary,0,0,0,0,33,29,0,0,84,71,0,0,1,4,222,155,0,62,0,0,0,5,0.698198198,0
2017,030316,30,Alleghany County Schools,316,Piney Creek Elementary,0,0,0,0,8,6,0,0,62,81,0,0,2,1,160,143,0,14,0,0,0,3,0.89375,0
2017,030320,30,Alleghany County Schools,320,Sparta Elementary,2,1,0,3,58,81,3,2,191,165,0,0,8,9,523,356,5,139,3,3,0,17,0.680688337,0
2017,040304,40,Anson County Schools,304,Anson Co. Early College High,0,0,2,6,1,3,31,46,35,80,0,0,3,5,212,115,77,4,0,8,0,8,0.54245283,0
2017,040305,40,Anson County Schools,305,Anson Academy,1,0,0,0,0,0,41,15,4,1,0,0,2,0,64,5,56,0,1,0,0,2,0.078125,1
2017,040306,40,Anson County Schools,306,Anson High School,1,1,6,5,16,12,201,213,109,65,0,0,11,4,644,174,414,28,2,11,0,15,0.270186335,1
2017,040308,40,Anson County Schools,308,Ansonville Elementary,1,0,2,0,1,3,40,34,57,47,0,0,3,3,191,104,74,4,1,2,0,6,0.544502618,0
2017,040309,40,Anson County Schools,309,Anson Middle,0,1,6,3,17,16,132,146,89,72,0,0,8,4,494,161,278,33,1,9,0,12,0.325910931,1
2017,040311,40,Anson County Schools,311,Wadesboro Primary,1,1,4,2,2,6,192,158,44,42,0,0,8,4,464,86,350,8,2,6,0,12,0.185344828,1
2017,040316,40,Anson County Schools,316,Lilesville Elementary,2,1,0,0,6,3,84,77,62,56,0,0,3,8,302,118,161,9,3,0,0,11,0.390728477,1
2017,040324,40,Anson County Schools,324,Morven Elementary,0,0,0,0,8,10,86,83,8,6,0,0,1,2,204,14,169,18,0,0,0,3,0.068627451,1
2017,040328,40,Anson County Schools,328,Peachland-Polkton Elem,1,0,6,3,15,13,77,78,131,143,0,0,14,9,490,274,155,28,1,9,0,23,0.559183673,0
2017,040330,40,Anson County Schools,330,Wadesboro Elementary,0,0,4,1,1,2,55,59,20,12,0,0,2,2,158,32,114,3,0,5,0,4,0.202531646,1
2017,040700,40,Anson County Schools,700,Anson New Tech High,0,0,1,1,5,3,31,26,28,25,0,0,3,0,123,53,57,8,0,2,0,3,0.430894309,1
2017,050302,50,Ashe County Schools,302,Ashe County High,0,0,4,0,38,33,2,2,412,437,0,0,8,4,940,849,4,71,0,4,0,12,0.903191489,0
2017,050305,50,Ashe County Schools,305,Ashe County Middle,0,0,1,2,31,20,2,1,206,192,0,0,4,4,463,398,3,51,0,3,0,8,0.859611231,0
2017,050310,50,Ashe County Schools,310,Blue Ridge Elementary,0,0,0,0,18,13,0,1,248,218,0,0,1,2,501,466,1,31,0,0,0,3,0.930139721,0
2017,050330,50,Ashe County Schools,330,Mountain View Elementary,0,1,4,0,43,47,1,3,235,221,0,0,1,4,560,456,4,90,1,4,0,5,0.814285714,0
2017,050335,50,Ashe County Schools,335,Westwood Elementary,0,0,2,3,41,29,3,1,242,222,0,0,4,3,550,464,4,70,0,5,0,7,0.843636364,0
2017,060302,60,Avery County Schools,302,Avery County High,1,0,0,2,13,21,1,0,187,155,0,0,4,1,385,342,1,34,1,2,0,5,0.888311688,0
2017,060304,60,Avery County Schools,304,Banner Elk Elementary,0,0,1,3,10,7,1,0,65,65,0,0,6,5,163,130,1,17,0,4,0,11,0.797546012,0
2017,060310,60,Avery County Schools,310,Cranberry Middle,0,0,0,0,4,4,0,0,95,74,1,1,5,0,184,169,0,8,0,0,2,5,0.918478261,0
2017,060316,60,Avery County Schools,316,Crossnore Elementary,0,1,0,0,16,15,0,1,92,80,0,0,0,3,208,172,1,31,1,0,0,3,0.826923077,0
2017,060318,60,Avery County Schools,318,Avery Middle,0,0,0,3,27,25,1,1,110,121,0,0,1,1,290,231,2,52,0,3,0,2,0.796551724,0
2017,060322,60,Avery County Schools,322,Freedom Trail Elementary,0,0,0,1,7,7,0,0,94,88,0,0,2,2,201,182,0,14,0,1,0,4,0.905472637,0
2017,060328,60,Avery County Schools,328,Newland Elementary,1,1,0,1,28,29,0,1,100,89,0,0,4,1,255,189,1,57,2,1,0,5,0.741176471,0
2017,060332,60,Avery County Schools,332,Riverside Elementary,0,2,0,0,1,1,0,0,55,52,0,0,0,0,111,107,0,2,2,0,0,0,0.963963964,0
2017,060334,60,Avery County Schools,334,Blue Ridge Academy,0,0,0,0,0,0,0,0,11,7,0,0,0,1,19,18,0,0,0,0,0,1,0.947368421,0
2017,060700,60,Avery County Schools,700,Avery High STEM Academy,0,0,2,0,3,6,0,1,51,89,0,0,0,1,153,140,1,9,0,2,0,1,0.91503268,0
2017,060701,60,Avery County Schools,701,Avery High Viking Academy,0,0,0,0,0,3,0,1,27,33,0,0,0,0,64,60,1,3,0,0,0,0,0.9375,0
2017,070302,70,Beaufort County Schools,302,Eastern Elementary,2,0,0,2,62,54,132,106,85,92,0,0,10,11,556,177,238,116,2,2,0,21,0.318345324,1
2017,070308,70,Beaufort County Schools,308,Bath Elementary,1,0,0,0,21,25,7,8,238,262,0,0,13,8,583,500,15,46,1,0,0,21,0.857632933,0
2017,070310,70,Beaufort County Schools,310,B C Ed Tech Center,1,0,0,0,7,1,30,15,6,6,0,0,2,0,68,12,45,8,1,0,0,2,0.176470588,1
2017,070311,70,Beaufort County Schools,311,Beaufort Co Early College High,0,2,0,1,16,43,10,29,62,70,0,0,3,2,238,132,39,59,2,1,0,5,0.554621849,0
2017,070325,70,Beaufort County Schools,325,Chocowinity Middle,0,0,2,0,31,23,51,58,107,93,0,0,12,9,386,200,109,54,0,2,0,21,0.518134715,0
2017,070326,70,Beaufort County Schools,326,Chocowinity Primary,0,0,2,0,32,30,85,69,139,118,0,0,14,19,508,257,154,62,0,2,0,33,0.505905512,0
2017,070327,70,Beaufort County Schools,327,John C Tayloe Elementary,0,0,1,2,65,59,130,109,83,80,0,0,12,8,549,163,239,124,0,3,0,20,0.296903461,1
2017,070328,70,Beaufort County Schools,328,John Small Elementary,1,1,3,1,55,74,109,105,107,86,1,0,12,9,564,193,214,129,2,4,1,21,0.342198582,1
2017,070329,70,Beaufort County Schools,329,Northeast Elementary,0,0,1,0,41,37,59,58,125,111,0,0,12,9,453,236,117,78,0,1,0,21,0.520971302,0
2017,070330,70,Beaufort County Schools,330,Northside High,0,0,0,0,20,21,48,43,154,143,0,0,6,2,437,297,91,41,0,0,0,8,0.679633867,0
2017,070338,70,Beaufort County Schools,338,P S Jones Middle,2,0,1,0,69,69,149,145,167,150,0,0,10,16,778,317,294,138,2,1,0,26,0.407455013,1
2017,070339,70,Beaufort County Schools,339,Southside High,0,0,3,0,34,16,80,89,111,95,0,0,16,7,451,206,169,50,0,3,0,23,0.456762749,1
2017,070340,70,Beaufort County Schools,340,S W Snowden Elementary,0,0,0,0,4,6,52,55,19,17,0,0,7,8,168,36,107,10,0,0,0,15,0.214285714,1
2017,070342,70,Beaufort County Schools,342,Washington High,0,0,0,1,83,76,198,211,214,214,0,1,14,19,1031,428,409,159,0,1,1,33,0.415130941,1
2017,080311,80,Bertie County Schools,311,Bertie Early College High,2,1,0,0,3,3,45,69,24,35,0,0,1,2,185,59,114,6,3,0,0,3,0.318918919,1
2017,080312,80,Bertie County Schools,312,Bertie High,1,0,1,0,1,2,242,173,28,13,0,0,4,3,468,41,415,3,1,1,0,7,0.087606838,1
2017,080314,80,Bertie County Schools,314,Bertie Middle,0,3,1,1,6,6,198,210,36,31,0,0,3,2,497,67,408,12,3,2,0,5,0.134808853,1
2017,080348,80,Bertie County Schools,348,Aulander Elementary,0,1,0,0,0,0,47,44,14,9,0,0,0,1,116,23,91,0,1,0,0,1,0.198275862,1
2017,080356,80,Bertie County Schools,356,West Bertie Elementary,1,0,0,1,10,4,130,111,5,3,0,0,3,3,271,8,241,14,1,1,0,6,0.029520295,1
2017,080360,80,Bertie County Schools,360,Colerain Elementary,0,0,0,0,2,4,77,80,15,10,0,0,2,1,191,25,157,6,0,0,0,3,0.130890052,1
2017,080362,80,Bertie County Schools,362,Windsor Elementary,0,0,3,2,2,1,121,131,35,28,0,0,4,4,331,63,252,3,0,5,0,8,0.190332326,1
2017,080700,80,Bertie County Schools,700,Bertie STEM High,2,0,0,0,0,1,45,61,14,12,0,0,0,1,136,26,106,1,2,0,0,1,0.191176471,1
2017,090304,90,Bladen County Schools,304,B T Washington Primary,4,5,0,0,11,12,60,61,11,6,0,0,3,4,177,17,121,23,9,0,0,7,0.096045198,1
2017,090315,90,Bladen County Schools,315,Bladenboro Middle,5,5,0,0,14,14,33,35,82,102,0,0,12,12,314,184,68,28,10,0,0,24,0.585987261,0
2017,090317,90,Bladen County Schools,317,Bladenboro Primary,2,3,0,0,17,23,49,38,102,105,0,0,11,9,359,207,87,40,5,0,0,20,0.576601671,0
2017,090318,90,Bladen County Schools,318,Bladen Lakes Primary,2,1,0,0,36,33,36,20,55,48,0,0,8,6,245,103,56,69,3,0,0,14,0.420408163,1
2017,090320,90,Bladen County Schools,320,Clarkton School of Discovery,1,3,0,2,5,13,40,47,35,68,0,0,6,7,227,103,87,18,4,2,0,13,0.453744493,1
2017,090324,90,Bladen County Schools,324,Dublin Primary,2,3,0,0,51,55,20,20,63,53,0,0,3,1,271,116,40,106,5,0,0,4,0.42804428,1
2017,090328,90,Bladen County Schools,328,East Arcadia Elementary,1,2,0,0,8,10,36,42,3,5,0,0,4,6,117,8,78,18,3,0,0,10,0.068376068,1
2017,090330,90,Bladen County Schools,330,East Bladen High,7,3,2,3,32,44,176,154,107,98,0,0,11,17,654,205,330,76,10,5,0,28,0.313455657,1
2017,090332,90,Bladen County Schools,332,Elizabethtown Middle,1,2,0,2,32,30,102,99,83,57,0,0,11,6,425,140,201,62,3,2,0,17,0.329411765,1
2017,090333,90,Bladen County Schools,333,Elizabethtown Primary,4,4,0,1,24,40,143,126,79,78,0,0,11,13,523,157,269,64,8,1,0,24,0.300191205,1
2017,090352,90,Bladen County Schools,352,Plain View Primary,4,3,0,0,31,25,23,32,16,10,0,0,5,0,149,26,55,56,7,0,0,5,0.174496644,1
2017,090368,90,Bladen County Schools,368,West Bladen High,5,8,2,0,92,66,110,114,195,156,0,0,12,15,775,351,224,158,13,2,0,27,0.452903226,1
2017,100302,100,Brunswick County Schools,302,Belville Elementary,4,5,3,2,57,51,69,72,256,231,0,1,19,18,788,487,141,108,9,5,1,37,0.618020305,0
2017,100304,100,Brunswick County Schools,304,Bolivia Elementary,1,0,0,2,11,9,23,18,206,147,2,0,12,20,451,353,41,20,1,2,2,32,0.7827051,0
2017,100307,100,Brunswick County Schools,307,Brunswick County Early College,0,0,6,3,23,29,4,24,112,128,0,0,6,13,348,240,28,52,0,9,0,19,0.689655172,0
2017,100308,100,Brunswick County Schools,308,Brunswick County Academy,1,0,0,0,15,8,22,14,68,29,0,0,2,4,163,97,36,23,1,0,0,6,0.595092025,0
2017,100309,100,Brunswick County Schools,309,Cedar Grove Middle,4,1,2,0,21,20,45,42,177,174,0,0,6,3,495,351,87,41,5,2,0,9,0.709090909,0
2017,100310,100,Brunswick County Schools,310,Jessie Mae Monroe Elementary,1,3,4,2,66,47,38,40,102,128,1,1,16,11,460,230,78,113,4,6,2,27,0.5,0
2017,100316,100,Brunswick County Schools,316,Leland Middle,2,3,2,1,63,55,84,77,221,231,0,0,20,14,773,452,161,118,5,3,0,34,0.584734799,0
2017,100320,100,Brunswick County Schools,320,Lincoln Elementary,2,7,0,1,83,86,63,73,137,125,0,0,19,14,610,262,136,169,9,1,0,33,0.429508197,1
2017,100326,100,Brunswick County Schools,326,North Brunswick High,7,9,7,3,86,70,144,129,326,290,1,0,25,20,1117,616,273,156,16,10,1,45,0.551477171,0
2017,100332,100,Brunswick County Schools,332,Shallotte Middle,2,3,4,5,52,62,46,38,211,182,0,0,14,5,624,393,84,114,5,9,0,19,0.629807692,0
2017,100334,100,Brunswick County Schools,334,South Brunswick High,5,6,2,3,31,18,69,53,476,443,1,1,25,16,1149,919,122,49,11,5,2,41,0.799825936,0
2017,100335,100,Brunswick County Schools,335,South Brunswick Middle,4,0,3,3,19,20,24,25,288,290,1,0,24,29,730,578,49,39,4,6,1,53,0.791780822,0
2017,100336,100,Brunswick County Schools,336,Southport Elementary,1,0,3,6,13,20,23,21,243,225,3,3,13,13,587,468,44,33,1,9,6,26,0.797274276,0
2017,100338,100,Brunswick County Schools,338,Supply Elementary,2,2,2,0,54,37,68,66,192,159,0,0,9,21,612,351,134,91,4,2,0,30,0.573529412,0
2017,100339,100,Brunswick County Schools,339,Town Creek Elementary,4,3,1,0,26,25,35,30,216,172,0,1,15,16,544,388,65,51,7,1,1,31,0.713235294,0
2017,100340,100,Brunswick County Schools,340,Union Elementary,4,1,3,1,58,60,31,29,190,199,0,0,6,9,591,389,60,118,5,4,0,15,0.65820643,0
2017,100342,100,Brunswick County Schools,342,Virginia Williamson Elem,2,2,0,1,19,28,43,48,184,178,0,0,13,14,532,362,91,47,4,1,0,27,0.680451128,0
2017,100344,100,Brunswick County Schools,344,Waccamaw,0,1,0,1,54,42,39,29,180,169,0,1,4,4,524,349,68,96,1,1,1,8,0.666030534,0
2017,100348,100,Brunswick County Schools,348,West Brunswick High,4,2,7,2,95,73,94,100,498,482,0,1,27,27,1412,980,194,168,6,9,1,54,0.694050992,0
2017,110303,110,Buncombe County Schools,303,Community High School,0,0,0,1,2,4,12,14,75,48,1,0,4,6,167,123,26,6,0,1,1,10,0.736526946,0
2017,110304,110,Buncombe County Schools,304,Reynolds High,2,1,12,14,59,55,56,69,510,435,0,0,55,32,1300,945,125,114,3,26,0,87,0.726923077,0
2017,110306,110,Buncombe County Schools,306,Reynolds Middle,0,0,2,4,28,34,35,59,155,157,1,0,16,15,506,312,94,62,0,6,1,31,0.616600791,0
2017,110308,110,Buncombe County Schools,308,Barnardsville Elementary,1,0,0,0,3,5,1,0,76,60,0,0,0,0,146,136,1,8,1,0,0,0,0.931506849,0
2017,110318,110,Buncombe County Schools,318,Black Mountain Elementary,0,0,0,0,3,8,3,4,98,95,0,0,1,5,217,193,7,11,0,0,0,6,0.889400922,0
2017,110320,110,Buncombe County Schools,320,Black Mountain Primary,0,1,1,2,19,14,9,10,156,172,0,0,9,7,400,328,19,33,1,3,0,16,0.82,0
2017,110322,110,Buncombe County Schools,322,Early College,0,1,2,8,13,28,1,7,80,130,0,0,4,4,278,210,8,41,1,10,0,8,0.755395683,0
2017,110323,110,Buncombe County Schools,323,Middle College,0,0,0,1,0,3,0,1,18,32,0,0,0,5,60,50,1,3,0,1,0,5,0.833333333,0
2017,110324,110,Buncombe County Schools,324,Candler Elementary,1,0,2,2,30,31,11,2,176,153,0,0,4,10,422,329,13,61,1,4,0,14,0.779620853,0
2017,110326,110,Buncombe County Schools,326,Cane Creek Middle,3,1,4,7,21,19,5,7,252,225,1,0,16,12,573,477,12,40,4,11,1,28,0.832460733,0
2017,110332,110,Buncombe County Schools,332,Bell Elementary,0,0,4,4,24,14,7,11,96,103,0,0,5,5,273,199,18,38,0,8,0,10,0.728937729,0
2017,110336,110,Buncombe County Schools,336,Owen High,4,0,1,4,47,46,18,8,321,291,0,0,20,24,784,612,26,93,4,5,0,44,0.780612245,0
2017,110338,110,Buncombe County Schools,338,Owen Middle,3,1,1,1,28,34,10,13,222,197,0,0,14,5,529,419,23,62,4,2,0,19,0.792060491,0
2017,110340,110,Buncombe County Schools,340,Erwin High,5,2,7,1,145,146,65,55,442,369,8,9,38,24,1316,811,120,291,7,8,17,62,0.616261398,0
2017,110342,110,Buncombe County Schools,342,Erwin Middle,0,0,1,1,77,70,21,24,224,210,6,2,25,27,688,434,45,147,0,2,8,52,0.630813953,0
2017,110348,110,Buncombe County Schools,348,Emma Elementary,0,0,1,1,94,76,26,31,46,61,1,2,6,8,353,107,57,170,0,2,3,14,0.303116147,1
2017,110352,110,Buncombe County Schools,352,Enka High,0,1,6,4,98,67,15,13,458,424,0,1,15,28,1130,882,28,165,1,10,1,43,0.780530973,0
2017,110356,110,Buncombe County Schools,356,Fairview Elementary,2,2,1,4,27,15,12,5,357,244,2,0,5,4,680,601,17,42,4,5,2,9,0.883823529,0
2017,110366,110,Buncombe County Schools,366,Glen Arden Elementary,1,1,12,8,23,30,16,10,196,200,1,1,16,25,540,396,26,53,2,20,2,41,0.733333333,0
2017,110368,110,Buncombe County Schools,368,Haw Creek Elementary,0,0,4,5,9,10,32,19,150,131,0,0,10,12,382,281,51,19,0,9,0,22,0.735602094,0
2017,110370,110,Buncombe County Schools,370,Hominy Valley Elementary,0,0,0,0,21,15,1,2,176,152,0,0,8,6,381,328,3,36,0,0,0,14,0.860892388,0
2017,110372,110,Buncombe County Schools,372,Johnston Elementary,0,1,1,1,42,43,35,30,47,54,17,11,5,9,296,101,65,85,1,2,28,14,0.341216216,1
2017,110376,110,Buncombe County Schools,376,Leicester Elementary,2,0,2,0,21,23,7,10,203,189,0,0,4,2,463,392,17,44,2,2,0,6,0.846652268,0
2017,110379,110,Buncombe County Schools,379,North Buncombe Elementary,1,0,1,3,51,55,3,2,242,248,0,0,8,16,630,490,5,106,1,4,0,24,0.777777778,0
2017,110380,110,Buncombe County Schools,380,North Buncombe High,3,2,4,2,73,69,2,6,483,450,0,0,19,12,1125,933,8,142,5,6,0,31,0.829333333,0
2017,110381,110,Buncombe County Schools,381,North Buncombe Middle,0,1,0,4,40,29,1,0,251,224,1,0,14,8,573,475,1,69,1,4,1,22,0.828970332,0
2017,110382,110,Buncombe County Schools,382,North Windy Ridge Intermediate,0,2,2,0,31,40,7,4,250,238,0,0,9,8,591,488,11,71,2,2,0,17,0.82571912,0
2017,110384,110,Buncombe County Schools,384,Oakley Elementary,2,0,1,0,58,43,70,62,103,109,0,0,6,9,463,212,132,101,2,1,0,15,0.457883369,1
2017,110388,110,Buncombe County Schools,388,Pisgah Elementary,0,0,0,0,6,4,2,1,80,78,0,0,1,3,175,158,3,10,0,0,0,4,0.902857143,0
2017,110401,110,Buncombe County Schools,401,Enka Middle,0,1,6,1,48,43,4,10,227,222,0,2,16,12,592,449,14,91,1,7,2,28,0.758445946,0
2017,110408,110,Buncombe County Schools,408,Sand Hill-Venable Elem,0,0,0,0,82,69,24,23,214,203,2,1,5,6,629,417,47,151,0,0,3,11,0.662957075,0
2017,110410,110,Buncombe County Schools,410,Avery's Creek Elementary,1,1,7,6,120,104,32,32,129,120,0,0,19,11,582,249,64,224,2,13,0,30,0.427835052,1
2017,110412,110,Buncombe County Schools,412,Williams Elementary,3,5,2,0,51,61,14,9,162,135,0,0,10,5,457,297,23,112,8,2,0,15,0.649890591,0
2017,110416,110,Buncombe County Schools,416,Roberson High,1,1,16,24,129,119,100,99,525,532,0,0,35,38,1619,1057,199,248,2,40,0,73,0.652872143,0
2017,110420,110,Buncombe County Schools,420,Valley Springs Middle,0,1,15,10,76,68,37,34,171,173,0,0,19,20,624,344,71,144,1,25,0,39,0.551282051,0
2017,110422,110,Buncombe County Schools,422,Estes Elementary,3,1,11,8,73,79,60,49,210,212,0,1,33,25,765,422,109,152,4,19,1,58,0.551633987,0
2017,110425,110,Buncombe County Schools,425,Enka Intermediate,3,0,0,1,45,53,6,10,265,234,0,1,8,7,633,499,16,98,3,1,1,15,0.788309637,0
2017,110428,110,Buncombe County Schools,428,Weaverville Elementary,1,2,0,2,26,20,2,2,137,156,0,1,5,4,358,293,4,46,3,2,1,9,0.818435754,0
2017,110432,110,Buncombe County Schools,432,Weaverville Primary,1,1,2,2,13,13,1,1,104,96,0,0,2,2,238,200,2,26,2,4,0,4,0.840336134,0
2017,110436,110,Buncombe County Schools,436,West Buncombe Elementary,2,2,1,2,50,50,12,7,205,206,1,2,8,13,561,411,19,100,4,3,3,21,0.732620321,0
2017,110444,110,Buncombe County Schools,444,Woodfin Elementary,0,1,0,0,16,20,6,4,39,41,1,1,3,2,134,80,10,36,1,0,2,5,0.597014925,0
2017,110450,110,Buncombe County Schools,450,Koontz Intermediate,1,0,11,13,78,85,31,31,234,180,0,0,23,22,709,414,62,163,1,24,0,45,0.583921016,0
2017,110451,110,Buncombe County Schools,451,Eblen Intermediate,1,0,2,9,89,101,26,30,221,221,6,5,8,12,731,442,56,190,1,11,11,20,0.604651163,0
2017,110500,110,Buncombe County Schools,500,Nesbitt Discovery Academy,1,0,5,6,9,12,4,3,135,113,0,0,4,4,296,248,7,21,1,11,0,8,0.837837838,0
2017,111302,111,Asheville City Schools,302,Asheville High,0,1,6,7,46,28,120,120,306,324,0,0,26,37,1021,630,240,74,1,13,0,63,0.617042116,0
2017,111304,111,Asheville City Schools,304,Hall Fletcher Elementary,0,0,1,0,11,27,65,46,81,75,1,0,23,17,347,156,111,38,0,1,1,40,0.449567723,1
2017,111306,111,Asheville City Schools,306,Isaac Dickson Elementary,0,0,0,5,23,23,56,50,143,183,2,1,30,9,525,326,106,46,0,5,3,39,0.620952381,0
2017,520336,520,Jones County Schools,336,Trenton Elementary,0,0,0,2,18,11,58,41,38,32,0,0,1,2,203,70,99,29,0,2,0,3,0.344827586,1
2017,530302,530,Lee County Schools,302,BT Bullock Elementary,0,0,5,3,132,114,95,105,115,86,0,0,11,12,678,201,200,246,0,8,0,23,0.296460177,1
2017,530306,530,Lee County Schools,306,Bragg Street Academy,0,0,0,0,11,2,9,10,11,1,0,0,1,0,45,12,19,13,0,0,0,1,0.266666667,1
2017,530308,530,Lee County Schools,308,Broadway Elementary,3,3,0,0,130,106,49,43,115,98,0,0,14,10,571,213,92,236,6,0,0,24,0.373029772,1
2017,530312,530,Lee County Schools,312,Deep River Elementary,1,0,0,0,132,136,81,87,81,105,0,0,9,14,646,186,168,268,1,0,0,23,0.287925697,1
2017,530314,530,Lee County Schools,314,East Lee Middle,2,1,3,2,106,124,48,60,152,134,0,0,20,15,667,286,108,230,3,5,0,35,0.428785607,1
2017,530316,530,Lee County Schools,316,Floyd L Knight Children Center,0,0,0,0,9,10,5,6,24,10,0,0,0,1,65,34,11,19,0,0,0,1,0.523076923,0
2017,530320,530,Lee County Schools,320,Greenwood Elementary,3,1,1,0,125,134,45,56,158,147,0,0,17,19,706,305,101,259,4,1,0,36,0.432011331,1
2017,530335,530,Lee County Schools,335,Lee Early College,2,2,2,7,37,72,9,24,52,58,1,0,2,3,271,110,33,109,4,9,1,5,0.405904059,1
2017,530336,530,Lee County Schools,336,Lee County High,4,5,2,8,236,249,164,166,341,320,0,0,27,18,1540,661,330,485,9,10,0,45,0.429220779,1
2017,530340,530,Lee County Schools,340,J Glenn Edwards Elementary,2,1,0,1,181,186,79,66,109,87,0,0,10,7,729,196,145,367,3,1,0,17,0.268861454,1
2017,530341,530,Lee County Schools,341,SanLee Middle School,7,6,4,5,176,141,85,61,157,171,0,1,17,23,854,328,146,317,13,9,1,40,0.384074941,1
2017,530343,530,Lee County Schools,343,Southern Lee High School,2,5,9,3,185,169,128,125,249,216,3,1,14,21,1130,465,253,354,7,12,4,35,0.411504425,1
2017,530346,530,Lee County Schools,346,Tramway Elementary,0,1,5,4,73,75,54,45,226,201,0,0,2,6,692,427,99,148,1,9,0,8,0.617052023,0
2017,530354,530,Lee County Schools,354,J R Ingram Jr Elementary,7,2,4,6,82,86,122,100,130,149,0,0,18,17,723,279,222,168,9,10,0,35,0.385892116,1
2017,530356,530,Lee County Schools,356,West Lee Middle,2,4,3,6,109,120,86,100,119,116,0,0,15,10,690,235,186,229,6,9,0,25,0.34057971,1
2017,530358,530,Lee County Schools,358,Warren Williams Elementary Alternative,0,0,0,0,1,0,6,0,5,0,0,0,1,0,13,5,6,1,0,0,0,1,0.384615385,1
2017,540304,540,Lenoir County Schools,304,Banks Elementary,1,1,2,2,49,42,89,74,135,141,0,0,7,7,550,276,163,91,2,4,0,14,0.501818182,0
2017,540308,540,Lenoir County Schools,308,Contentnea-Savannah School,0,0,1,2,61,61,220,218,155,153,0,0,5,2,878,308,438,122,0,3,0,7,0.350797267,1
2017,540312,540,Lenoir County Schools,312,E B Frink Middle,0,1,4,3,44,35,107,91,102,99,1,0,8,5,500,201,198,79,1,7,1,13,0.402,1
2017,540315,540,Lenoir County Schools,315,Kinston High,0,0,2,5,6,5,361,350,13,16,0,1,8,5,772,29,711,11,0,7,1,13,0.037564767,1
2017,540316,540,Lenoir County Schools,316,La Grange Elementary,0,0,0,2,55,58,123,119,69,72,0,0,16,18,532,141,242,113,0,2,0,34,0.265037594,1
2017,540317,540,Lenoir County Schools,317,Lenoir County Early College High,0,0,3,2,9,17,22,44,40,68,0,0,1,3,209,108,66,26,0,5,0,4,0.516746411,0
2017,540318,540,Lenoir County Schools,318,Lenoir County Learning Academy,0,1,0,0,2,1,24,12,13,1,0,0,3,3,60,14,36,3,1,0,0,6,0.233333333,1
2017,540320,540,Lenoir County Schools,320,Moss Hill Elementary,0,1,0,0,51,46,56,48,123,126,0,0,14,8,473,249,104,97,1,0,0,22,0.526427061,0
2017,540324,540,Lenoir County Schools,324,North Lenoir High,1,1,2,3,59,57,180,171,206,175,1,0,12,7,875,381,351,116,2,5,1,19,0.435428571,1
2017,540325,540,Lenoir County Schools,325,Northeast Elementary,0,0,1,0,6,7,222,213,3,7,0,0,2,7,468,10,435,13,0,1,0,9,0.021367521,1
2017,540326,540,Lenoir County Schools,326,Northwest Elementary,0,0,10,7,2,11,206,216,21,22,0,1,13,3,512,43,422,13,0,17,1,16,0.083984375,1
2017,540328,540,Lenoir County Schools,328,Pink Hill Elementary,0,2,0,1,84,87,23,34,140,102,0,0,5,2,480,242,57,171,2,1,0,7,0.504166667,0
2017,540330,540,Lenoir County Schools,330,Rochelle Middle,0,0,3,2,3,5,201,198,1,2,0,0,4,3,422,3,399,8,0,5,0,7,0.007109005,1
2017,540336,540,Lenoir County Schools,336,South Lenoir High,1,0,1,0,84,62,81,63,231,245,0,0,8,12,788,476,144,146,1,1,0,20,0.604060914,0
2017,540338,540,Lenoir County Schools,338,Southeast Elementary,1,0,0,0,5,3,109,123,2,0,1,0,8,3,255,2,232,8,1,0,1,11,0.007843137,1
2017,540340,540,Lenoir County Schools,340,Southwood Elementary,0,0,1,2,19,33,21,14,113,122,0,1,7,7,340,235,35,52,0,3,1,14,0.691176471,0
2017,540344,540,Lenoir County Schools,344,Woodington Middle,1,0,0,0,54,54,54,49,209,183,0,0,10,7,621,392,103,108,1,0,0,17,0.631239936,0
2017,550308,550,Lincoln County Schools,308,Asbury Academy,0,0,0,0,2,0,3,3,24,12,0,0,2,0,46,36,6,2,0,0,0,2,0.782608696,0
2017,550312,550,Lincoln County Schools,312,Battleground Elementary,0,0,1,2,43,42,27,26,60,50,0,0,8,8,267,110,53,85,0,3,0,16,0.411985019,1
2017,550314,550,Lincoln County Schools,314,Catawba Springs Elementary,1,1,3,3,24,18,17,15,230,216,0,0,15,9,552,446,32,42,2,6,0,24,0.807971014,0
2017,550316,550,Lincoln County Schools,316,GE Massey Elementary,1,0,1,1,32,27,15,13,51,51,0,1,12,6,211,102,28,59,1,2,1,18,0.483412322,1
2017,550320,550,Lincoln County Schools,320,East Lincoln High,0,0,3,5,22,23,28,20,412,355,0,1,15,15,899,767,48,45,0,8,1,30,0.853170189,0
2017,550322,550,Lincoln County Schools,322,East Lincoln Middle,1,1,6,5,24,14,24,10,290,266,0,0,16,15,672,556,34,38,2,11,0,31,0.827380952,0
2017,550324,550,Lincoln County Schools,324,Kiser Intermediate,0,1,1,3,50,54,24,34,92,91,1,0,14,5,370,183,58,104,1,4,1,19,0.494594595,1
2017,550328,550,Lincoln County Schools,328,Iron Station Elementary,0,1,3,0,16,18,15,21,198,150,0,0,15,9,446,348,36,34,1,3,0,24,0.780269058,0
2017,550332,550,Lincoln County Schools,332,Lincolnton High,0,2,3,0,112,113,61,68,234,192,0,2,21,32,840,426,129,225,2,3,2,53,0.507142857,0
2017,550334,550,Lincoln County Schools,334,Lincolnton Middle,0,0,2,1,71,76,42,45,155,155,0,0,14,12,573,310,87,147,0,3,0,26,0.541012216,0
2017,550336,550,Lincoln County Schools,336,Love Memorial Elementary,0,0,1,2,8,13,4,1,142,108,0,0,4,5,288,250,5,21,0,3,0,9,0.868055556,0
2017,550340,550,Lincoln County Schools,340,Childers Elementary,0,0,0,0,28,36,5,4,175,151,0,0,15,4,418,326,9,64,0,0,0,19,0.779904306,0
2017,550342,550,Lincoln County Schools,342,North Brook Elementary,0,0,0,1,9,5,0,1,133,167,0,0,2,1,319,300,1,14,0,1,0,3,0.940438871,0
2017,550344,550,Lincoln County Schools,344,North Lincoln High,0,0,11,6,35,37,7,11,450,382,0,0,12,22,973,832,18,72,0,17,0,34,0.855087359,0
2017,550348,550,Lincoln County Schools,348,Pumpkin Center Primary,0,0,3,0,8,11,3,4,144,138,0,0,2,7,320,282,7,19,0,3,0,9,0.88125,0
2017,550349,550,Lincoln County Schools,349,Pumpkin Center Intermediate,0,0,0,1,14,17,10,4,165,136,0,0,11,7,365,301,14,31,0,1,0,18,0.824657534,0
2017,550350,550,Lincoln County Schools,350,North Lincoln Middle,0,1,1,1,18,28,12,12,340,306,0,0,13,9,741,646,24,46,1,2,0,22,0.871794872,0
2017,550356,550,Lincoln County Schools,356,Rock Springs Elementary,0,0,2,0,11,11,6,5,246,240,1,0,6,6,534,486,11,22,0,2,1,12,0.91011236,0
2017,550360,550,Lincoln County Schools,360,S Ray Lowder Elementary,0,0,3,1,12,16,31,19,61,54,0,0,1,3,201,115,50,28,0,4,0,4,0.572139303,0
2017,550362,550,Lincoln County Schools,362,St James Elementary,0,0,8,2,23,15,13,8,234,254,0,0,17,15,589,488,21,38,0,10,0,32,0.82852292,0
2017,550364,550,Lincoln County Schools,364,Union Elementary,0,0,0,0,3,8,3,1,122,122,0,0,5,5,269,244,4,11,0,0,0,10,0.907063197,0
2017,550368,550,Lincoln County Schools,368,West Lincoln High,0,0,0,1,31,36,7,4,400,356,0,0,10,7,852,756,11,67,0,1,0,17,0.887323944,0
2017,550372,550,Lincoln County Schools,372,West Lincoln Middle,0,0,0,3,19,29,3,2,313,256,0,0,6,7,638,569,5,48,0,3,0,13,0.89184953,0
2017,560304,560,Macon County Schools,304,Cartoogechaye Elementary,0,2,2,1,30,32,2,1,116,122,0,0,5,2,315,238,3,62,2,3,0,7,0.755555556,0
2017,560316,560,Macon County Schools,316,East Franklin Elementary,0,1,2,1,52,50,1,2,133,115,1,0,3,5,366,248,3,102,1,3,1,8,0.677595628,0
2017,560320,560,Macon County Schools,320,Franklin High,3,3,4,2,69,56,6,2,406,376,1,0,8,13,949,782,8,125,6,6,1,21,0.82402529,0
2017,560324,560,Macon County Schools,324,Highlands School,0,2,0,2,37,46,0,0,113,112,0,0,1,0,313,225,0,83,2,2,0,1,0.71884984,0
2017,560328,560,Macon County Schools,328,Iotla Valley Elementary,0,0,4,2,20,16,2,2,154,170,1,0,2,1,374,324,4,36,0,6,1,3,0.86631016,0
2017,560329,560,Macon County Schools,329,Macon Early College High School,0,0,2,3,21,22,0,0,45,72,0,0,0,1,166,117,0,43,0,5,0,1,0.704819277,0
2017,560330,560,Macon County Schools,330,Macon Middle School,1,0,2,1,54,39,4,2,244,200,0,0,8,11,566,444,6,93,1,3,0,19,0.784452297,0
2017,560331,560,Macon County Schools,331,Mountain View Intermediate,0,2,3,4,53,54,3,2,227,219,0,0,8,13,588,446,5,107,2,7,0,21,0.758503401,0
2017,560332,560,Macon County Schools,332,Nantahala School,1,0,0,0,1,3,0,0,41,34,1,0,2,1,84,75,0,4,1,0,1,3,0.892857143,0
2017,560338,560,Macon County Schools,338,South Macon Elementary,0,0,2,0,64,77,3,0,189,156,0,0,3,9,503,345,3,141,0,2,0,12,0.685884692,0
2017,020308,20,Alexander County Schools,308,Ellendale Elementary,0,0,0,0,3,5,7,6,140,135,0,0,0,3,299,275,13,8,0,0,0,3,0.919732441,0
2017,111332,111,Asheville City Schools,332,Ira B Jones Elementary,0,0,4,3,12,16,53,65,176,137,4,2,13,16,501,313,118,28,0,7,6,29,0.624750499,0
2017,111356,111,Asheville City Schools,356,Asheville Middle,3,0,5,3,43,33,88,87,249,226,0,2,32,25,796,475,175,76,3,8,2,57,0.596733668,0
2017,111360,111,Asheville City Schools,360,Vance Elementary,2,1,2,2,28,30,52,32,145,144,3,2,13,14,470,289,84,58,3,4,5,27,0.614893617,0
2017,111700,111,Asheville City Schools,700,School of Inquiry and Life Sciences,0,0,2,5,12,19,27,36,103,130,0,0,5,12,351,233,63,31,0,7,0,17,0.663817664,0
2017,120304,120,Burke County Schools,304,Chesterfield Elementary,0,1,7,3,20,12,5,1,63,52,0,0,7,4,175,115,6,32,1,10,0,11,0.657142857,0
2017,120308,120,Burke County Schools,308,Hallyburton Academy,0,0,3,1,4,5,14,4,57,25,1,0,5,4,123,82,18,9,0,4,1,9,0.666666667,0
2017,120310,120,Burke County Schools,310,Burke Middle College,0,0,10,10,2,6,2,4,22,65,0,0,0,4,125,87,6,8,0,20,0,4,0.696,0
2017,120312,120,Burke County Schools,312,Drexel Elementary,0,0,26,21,25,24,7,6,147,158,0,1,14,13,442,305,13,49,0,47,1,27,0.690045249,0
2017,120314,120,Burke County Schools,314,East Burke High,0,0,35,25,33,27,4,2,419,383,1,2,6,16,953,802,6,60,0,60,3,22,0.841552991,0
2017,120315,120,Burke County Schools,315,East Burke Middle,1,2,29,20,18,27,2,2,289,246,0,0,11,14,661,535,4,45,3,49,0,25,0.809379728,0
2017,120316,120,Burke County Schools,316,Forest Hill Elementary,1,0,7,9,127,107,17,13,60,51,4,4,17,5,422,111,30,234,1,16,8,22,0.263033175,1
2017,120318,120,Burke County Schools,318,Freedom High,1,0,45,34,63,65,78,62,393,358,1,2,33,38,1173,751,140,128,1,79,3,71,0.640238704,0
2017,120320,120,Burke County Schools,320,George Hildebrand Elementary,0,0,17,11,7,7,1,0,151,128,0,0,7,9,338,279,1,14,0,28,0,16,0.825443787,0
2017,120324,120,Burke County Schools,324,Glen Alpine Elementary,1,1,16,17,7,14,22,22,130,134,0,0,20,14,398,264,44,21,2,33,0,34,0.663316583,0
2017,120334,120,Burke County Schools,334,Heritage Middle,0,1,18,17,16,27,10,10,192,174,0,0,8,16,489,366,20,43,1,35,0,24,0.748466258,0
2017,120338,120,Burke County Schools,338,Hildebran Elementary,0,0,17,12,9,18,2,2,126,128,0,0,10,8,332,254,4,27,0,29,0,18,0.765060241,0
2017,120340,120,Burke County Schools,340,Mountain Crest Elementary,0,0,3,2,174,170,22,20,42,29,0,0,16,14,492,71,42,344,0,5,0,30,0.144308943,1
2017,120344,120,Burke County Schools,344,Icard Elementary,0,0,14,11,13,12,0,0,98,96,0,0,2,4,250,194,0,25,0,25,0,6,0.776,0
2017,120346,120,Burke County Schools,346,Jimmy C Draughn High School,0,2,23,21,27,13,12,15,283,264,0,0,13,11,684,547,27,40,2,44,0,24,0.799707602,0
2017,120350,120,Burke County Schools,350,Liberty Middle,2,1,24,13,31,24,6,6,199,219,0,2,13,13,553,418,12,55,3,37,2,26,0.755877034,0
2017,120352,120,Burke County Schools,352,North Liberty,0,0,2,0,6,3,2,1,41,28,0,0,2,5,90,69,3,9,0,2,0,7,0.766666667,0
2017,120360,120,Burke County Schools,360,Mull Elementary,0,0,4,3,9,8,6,1,122,120,0,0,6,5,284,242,7,17,0,7,0,11,0.852112676,0
2017,120364,120,Burke County Schools,364,Oak Hill Elementary,0,2,2,2,6,12,35,27,158,116,0,0,20,19,399,274,62,18,2,4,0,39,0.686716792,0
2017,120368,120,Burke County Schools,368,Ray Childers Elementary,1,1,17,10,26,19,5,3,166,174,0,0,8,8,438,340,8,45,2,27,0,16,0.776255708,0
2017,120370,120,Burke County Schools,370,Robert L. Patton High School,3,3,18,18,121,85,19,10,349,308,1,0,14,12,961,657,29,206,6,36,1,26,0.683662851,0
2017,120372,120,Burke County Schools,372,Rutherford College Elem,0,0,10,4,9,6,1,0,73,84,0,0,2,3,192,157,1,15,0,14,0,5,0.817708333,0
2017,120374,120,Burke County Schools,374,Salem Elementary,1,0,10,7,16,16,4,1,187,208,0,0,16,16,482,395,5,32,1,17,0,32,0.819502075,0
2017,120376,120,Burke County Schools,376,Table Rock Middle,0,0,27,22,12,16,27,28,170,163,0,0,20,20,505,333,55,28,0,49,0,40,0.659405941,0
2017,120380,120,Burke County Schools,380,Valdese Elementary,0,1,14,7,8,14,5,1,145,159,0,0,15,11,380,304,6,22,1,21,0,26,0.8,0
2017,120386,120,Burke County Schools,386,W A Young Elementary,0,0,38,24,17,10,5,3,174,124,0,0,18,6,419,298,8,27,0,62,0,24,0.711217184,0
2017,120390,120,Burke County Schools,390,Walter R Johnson Middle,0,0,5,5,120,98,18,14,91,87,1,0,11,15,465,178,32,218,0,10,1,26,0.382795699,1
2017,130304,130,Cabarrus County Schools,304,A T Allen Elementary,1,2,8,3,121,121,61,55,241,218,1,2,18,8,860,459,116,242,3,11,3,26,0.53372093,0
2017,130307,130,Cabarrus County Schools,307,Cox Mill High School,6,13,42,50,56,72,190,180,517,485,2,3,43,35,1694,1002,370,128,19,92,5,78,0.59149941,0
2017,130308,130,Cabarrus County Schools,308,Bethel Elementary,0,2,2,3,33,38,22,26,228,211,2,2,20,13,602,439,48,71,2,5,4,33,0.72923588,0
2017,130309,130,Cabarrus County Schools,309,Beverly Hills Elementary,0,3,1,4,54,49,35,35,97,90,0,0,18,16,402,187,70,103,3,5,0,34,0.465174129,1
2017,130310,130,Cabarrus County Schools,310,Central Cabarrus High,4,7,18,13,157,163,212,204,465,399,0,1,35,33,1711,864,416,320,11,31,1,68,0.504967855,0
2017,130311,130,Cabarrus County Schools,311,Coltrane-Webb Elementary,2,5,32,21,69,46,47,64,127,94,0,0,14,10,531,221,111,115,7,53,0,24,0.416195857,1
2017,130312,130,Cabarrus County Schools,312,Harrisburg Elementary,2,1,62,65,21,19,103,93,304,299,1,2,28,33,1033,603,196,40,3,127,3,61,0.583736689,0
2017,130313,130,Cabarrus County Schools,313,Concord Middle,0,0,2,2,121,97,138,123,150,119,1,0,21,20,794,269,261,218,0,4,1,41,0.338790932,1
2017,130314,130,Cabarrus County Schools,314,Concord High,1,3,12,12,142,139,174,180,275,303,1,0,22,20,1284,578,354,281,4,24,1,42,0.450155763,1
2017,130315,130,Cabarrus County Schools,315,J N Fries Magnet School,0,1,49,33,55,36,60,72,231,220,2,2,22,15,798,451,132,91,1,82,4,37,0.565162907,0
2017,130316,130,Cabarrus County Schools,316,Jay M Robinson High,1,1,9,8,149,134,156,159,361,311,0,2,16,24,1331,672,315,283,2,17,2,40,0.504883546,0
2017,130317,130,Cabarrus County Schools,317,Cabarrus Co Opportunity School,0,0,0,0,7,0,21,9,23,2,0,0,0,2,64,25,30,7,0,0,0,2,0.390625,1
2017,130318,130,Cabarrus County Schools,318,C C Griffin Middle,2,2,5,5,114,130,133,102,281,227,0,0,19,22,1042,508,235,244,4,10,0,41,0.487523992,1
2017,130319,130,Cabarrus County Schools,319,Cox Mill Elementary,1,0,98,108,27,41,72,89,288,249,2,4,17,13,1009,537,161,68,1,206,6,30,0.532210109,0
2017,130320,130,Cabarrus County Schools,320,Harris Road Middle,4,2,40,53,39,46,111,118,372,390,0,4,30,21,1230,762,229,85,6,93,4,51,0.619512195,0
2017,130321,130,Cabarrus County Schools,321,Carl A Furr Elementary,0,2,20,19,130,112,84,79,160,153,0,0,24,13,796,313,163,242,2,39,0,37,0.39321608,1
2017,130322,130,Cabarrus County Schools,322,Mount Pleasant Elementary,0,4,0,5,23,12,8,6,295,282,0,0,7,10,652,577,14,35,4,5,0,17,0.884969325,0
2017,130323,130,Cabarrus County Schools,323,Mount Pleasant Middle,0,2,2,1,19,21,12,11,291,256,0,0,13,10,638,547,23,40,2,3,0,23,0.857366771,0
2017,130324,130,Cabarrus County Schools,324,Mount Pleasant High,7,2,1,3,20,22,18,20,401,369,0,1,8,8,880,770,38,42,9,4,1,16,0.875,0
2017,130325,130,Cabarrus County Schools,325,Charles E Boger Elementary,1,2,10,5,36,30,28,34,224,200,1,0,16,12,599,424,62,66,3,15,1,28,0.707846411,0
2017,130326,130,Cabarrus County Schools,326,Northwest Cabarrus High,2,0,15,6,102,124,127,148,352,323,1,1,17,23,1241,675,275,226,2,21,2,40,0.543916197,0
2017,130327,130,Cabarrus County Schools,327,Northwest Cabarrus Middle,4,2,8,4,81,87,125,86,231,186,1,3,24,22,864,417,211,168,6,12,4,46,0.482638889,1
2017,130328,130,Cabarrus County Schools,328,Royal Oaks Elementary,0,0,0,0,22,21,43,47,40,25,2,0,11,11,222,65,90,43,0,0,2,22,0.292792793,1
2017,130329,130,Cabarrus County Schools,329,Rocky River Elementary,4,1,4,7,91,100,120,109,154,140,1,0,14,19,764,294,229,191,5,11,1,33,0.384816754,1
2017,130330,130,Cabarrus County Schools,330,R Brown  McAllister Elementary,0,0,0,0,27,26,38,21,117,100,0,1,3,5,338,217,59,53,0,0,1,8,0.642011834,0
2017,130331,130,Cabarrus County Schools,331,Pitts School Road Elementary,0,4,18,24,43,35,67,69,242,271,1,0,20,24,818,513,136,78,4,42,1,44,0.627139364,0
2017,130332,130,Cabarrus County Schools,332,Hickory Ridge High,6,10,34,35,65,55,175,163,578,543,4,1,16,28,1713,1121,338,120,16,69,5,44,0.654407472,0
2017,130333,130,Cabarrus County Schools,333,Performance Learning Center,0,0,0,0,7,10,6,11,34,54,0,0,0,5,127,88,17,17,0,0,0,5,0.692913386,0
2017,130336,130,Cabarrus County Schools,336,W R Odell Primary,0,1,49,44,27,29,44,48,236,191,0,2,10,14,695,427,92,56,1,93,2,24,0.614388489,0
2017,130337,130,Cabarrus County Schools,337,W R Odell Elementary,1,0,33,37,32,32,68,58,217,217,1,0,19,15,730,434,126,64,1,70,1,34,0.594520548,0
2017,130338,130,Cabarrus County Schools,338,Weddington Hills Elementary,1,2,22,14,175,194,83,87,215,194,1,6,19,15,1028,409,170,369,3,36,7,34,0.397859922,1
2017,130340,130,Cabarrus County Schools,340,Winecoff Elementary,3,3,4,2,99,82,142,128,140,149,0,0,23,20,795,289,270,181,6,6,0,43,0.363522013,1
2017,130342,130,Cabarrus County Schools,342,W M Irvin Elementary,0,0,5,2,86,85,114,109,162,130,0,0,18,22,733,292,223,171,0,7,0,40,0.398362892,1
2017,130344,130,Cabarrus County Schools,344,Wolf Meadow Elementary,0,1,0,0,100,99,79,64,92,89,0,0,14,17,555,181,143,199,1,0,0,31,0.326126126,1
2017,130345,130,Cabarrus County Schools,345,Patriots Elementary,2,7,29,26,56,62,86,68,329,270,0,2,23,13,973,599,154,118,9,55,2,36,0.615621788,0
2017,090365,90,Bladen County Schools,365,Tar Heel Middle,1,4,0,0,56,54,44,33,50,51,0,0,4,5,302,101,77,110,5,0,0,9,0.334437086,1
2017,330348,330,Edgecombe County Schools,348,West Edgecombe Middle,0,0,0,0,6,12,79,66,75,55,0,0,8,5,306,130,145,18,0,0,0,13,0.424836601,1
2017,330350,330,Edgecombe County Schools,350,SouthWest Edgecombe High,0,1,0,0,33,37,207,193,202,170,0,0,12,14,869,372,400,70,1,0,0,26,0.428078251,1
2017,330354,330,Edgecombe County Schools,354,Stocks Elementary,0,0,0,0,25,25,184,180,38,35,0,0,6,8,501,73,364,50,0,0,0,14,0.145708583,1
2017,330358,330,Edgecombe County Schools,358,Tarboro High,0,0,0,0,32,32,228,213,58,44,0,0,3,7,617,102,441,64,0,0,0,10,0.165316045,1
2017,330360,330,Edgecombe County Schools,360,Martin Millennium Academy,0,0,0,0,46,32,180,193,76,93,0,0,11,5,636,169,373,78,0,0,0,16,0.26572327,1
2017,340308,340,Forsyth County Schools,308,Ashley Academy,1,2,0,0,89,81,166,143,19,11,0,0,6,3,521,30,309,170,3,0,0,9,0.057581574,1
2017,340311,340,Forsyth County Schools,311,Atkins Academic & Tech High,1,1,16,12,67,51,177,121,264,117,0,0,18,13,858,381,298,118,2,28,0,31,0.444055944,1
2017,340314,340,Forsyth County Schools,314,Bolton Elementary,0,0,3,2,92,96,101,100,30,23,0,0,4,9,460,53,201,188,0,5,0,13,0.115217391,1
2017,340320,340,Forsyth County Schools,320,Brunson Elementary,0,0,26,25,82,79,78,76,129,73,0,2,19,12,601,202,154,161,0,51,2,31,0.336106489,1
2017,340326,340,Forsyth County Schools,326,Caleb's Creek Elementary,0,0,11,8,51,41,65,67,219,266,0,0,22,30,780,485,132,92,0,19,0,52,0.621794872,0
2017,340330,340,Forsyth County Schools,330,Carver High,0,0,1,1,105,84,212,223,14,8,0,0,9,9,666,22,435,189,0,2,0,18,0.033033033,1
2017,340334,340,Forsyth County Schools,334,Cash Elementary,1,0,4,6,22,23,62,59,221,228,1,0,16,16,659,449,121,45,1,10,1,32,0.681335357,0
2017,340336,340,Forsyth County Schools,336,Carter High School,1,0,1,1,20,15,42,22,30,28,0,0,6,1,167,58,64,35,1,2,0,7,0.347305389,1
2017,340344,340,Forsyth County Schools,344,Childrens Center,0,0,0,2,10,3,7,6,14,3,0,0,1,2,48,17,13,13,0,2,0,3,0.354166667,1
2017,340348,340,Forsyth County Schools,348,Clemmons Elementary,3,0,15,11,38,36,29,35,271,281,0,0,18,12,749,552,64,74,3,26,0,30,0.736982644,0
2017,340350,340,Forsyth County Schools,350,Clemmons Middle School,1,1,22,28,135,137,125,132,237,184,0,0,31,28,1061,421,257,272,2,50,0,59,0.396795476,1
2017,340351,340,Forsyth County Schools,351,Cook Literacy Model School,0,0,0,0,9,9,107,91,6,2,0,0,2,5,231,8,198,18,0,0,0,7,0.034632035,1
2017,340354,340,Forsyth County Schools,354,The Downtown School,1,0,1,10,12,7,65,63,93,116,0,3,11,13,395,209,128,19,1,11,3,24,0.529113924,0
2017,340362,340,Forsyth County Schools,362,Early College of Forsyth Co,0,0,8,15,23,27,22,26,38,76,0,0,2,9,246,114,48,50,0,23,0,11,0.463414634,1
2017,340364,340,Forsyth County Schools,364,East Forsyth High,1,2,9,7,155,151,218,156,518,507,1,1,32,28,1786,1025,374,306,3,16,2,60,0.573908175,0
2017,340366,340,Forsyth County Schools,366,East Forsyth Middle School,2,0,0,2,99,110,139,147,115,92,0,0,10,12,728,207,286,209,2,2,0,22,0.284340659,1
2017,340368,340,Forsyth County Schools,368,Easton Elementary School,0,0,2,1,188,197,73,67,17,10,2,1,4,6,568,27,140,385,0,3,3,10,0.047535211,1
2017,340372,340,Forsyth County Schools,372,Flat Rock Middle,1,0,8,4,186,178,149,156,63,56,0,1,13,17,832,119,305,364,1,12,1,30,0.143028846,1
2017,340376,340,Forsyth County Schools,376,Forest Park Elementary,0,2,0,0,226,223,78,59,14,11,0,1,15,7,636,25,137,449,2,0,1,22,0.039308176,1
2017,340380,340,Forsyth County Schools,380,Gibson Elementary,0,0,2,2,149,125,158,147,24,10,1,0,9,14,641,34,305,274,0,4,1,23,0.053042122,1
2017,340382,340,Forsyth County Schools,382,Robert B Glenn High School,2,10,7,7,267,259,181,193,258,287,0,0,19,29,1519,545,374,526,12,14,0,48,0.358788677,1
2017,340384,340,Forsyth County Schools,384,Griffith Elementary,2,0,3,3,177,190,99,88,24,14,1,1,5,6,613,38,187,367,2,6,2,11,0.061990212,1
2017,340385,340,Forsyth County Schools,385,Main Street Academy,0,0,0,0,5,3,16,6,3,1,0,0,2,1,37,4,22,8,0,0,0,3,0.108108108,1
2017,340390,340,Forsyth County Schools,390,Hall-Woodward Elementary,0,1,1,0,228,222,85,66,13,18,0,0,10,3,647,31,151,450,1,1,0,13,0.047913447,1
2017,340392,340,Forsyth County Schools,392,Hanes Magnet School,1,0,24,29,59,63,110,72,186,132,0,2,26,9,713,318,182,122,1,53,2,35,0.446002805,1
2017,340398,340,Forsyth County Schools,398,Homebound/ Hospital Education,0,0,0,0,1,1,4,3,11,9,0,0,2,0,31,20,7,2,0,0,0,2,0.64516129,0
2017,340400,340,Forsyth County Schools,400,Ibraham Elementary,0,0,1,0,69,69,135,127,31,37,1,0,10,11,491,68,262,138,0,1,1,21,0.138492872,1
2017,340403,340,Forsyth County Schools,403,Jefferson Elementary,1,1,37,32,33,26,89,75,130,114,1,0,14,11,564,244,164,59,2,69,1,25,0.432624113,1
2017,340406,340,Forsyth County Schools,406,Thomas Jefferson Middle,3,1,21,27,86,83,141,114,385,373,1,0,32,21,1288,758,255,169,4,48,1,53,0.588509317,0
2017,340416,340,Forsyth County Schools,416,Kernersville Elementary,0,0,4,7,199,179,96,73,131,108,0,0,17,17,831,239,169,378,0,11,0,34,0.287605295,1
2017,340420,340,Forsyth County Schools,420,Kernersville Middle,0,0,3,5,72,92,46,39,213,196,0,0,16,13,695,409,85,164,0,8,0,29,0.588489209,0
2017,340424,340,Forsyth County Schools,424,Kimberley Park Elementary,0,1,0,0,25,32,114,80,1,1,0,0,3,0,257,2,194,57,1,0,0,3,0.007782101,1
2017,340426,340,Forsyth County Schools,426,Kimmel Farm Elementary,3,1,15,4,76,69,190,150,165,141,0,0,23,32,869,306,340,145,4,19,0,55,0.352128884,1
2017,340427,340,Forsyth County Schools,427,Kingswood School,0,0,0,0,8,3,10,10,13,10,0,0,2,1,57,23,20,11,0,0,0,3,0.403508772,1
2017,340428,340,Forsyth County Schools,428,Konnoak Elementary,0,1,3,2,209,162,116,102,37,38,1,0,12,15,698,75,218,371,1,5,1,27,0.107449857,1
2017,340430,340,Forsyth County Schools,430,Diggs-Latham Elementary,1,1,8,4,147,105,98,98,27,18,0,0,9,12,528,45,196,252,2,12,0,21,0.085227273,1
2017,340432,340,Forsyth County Schools,432,Lewisville Elementary,0,0,10,6,15,15,9,9,238,242,0,0,14,11,569,480,18,30,0,16,0,25,0.843585237,0
2017,340436,340,Forsyth County Schools,436,Lowrance Middle,0,0,0,0,14,15,38,17,28,9,0,0,1,1,123,37,55,29,0,0,0,2,0.300813008,1
2017,340440,340,Forsyth County Schools,440,Meadowlark Elementary,2,0,37,37,25,32,55,44,271,269,1,0,20,20,813,540,99,57,2,74,1,40,0.664206642,0
2017,340442,340,Forsyth County Schools,442,Meadowlark Middle,1,1,28,33,65,50,61,52,423,430,1,0,31,29,1205,853,113,115,2,61,1,60,0.707883817,0
2017,340446,340,Forsyth County Schools,446,Middle College of Forsyth Cnty,0,0,1,1,2,8,10,19,23,37,0,0,1,1,103,60,29,10,0,2,0,2,0.582524272,0
2017,340447,340,Forsyth County Schools,447,Middle Fork Elementary,1,1,5,4,42,51,83,70,20,10,0,1,4,4,296,30,153,93,2,9,1,8,0.101351351,1
2017,340448,340,Forsyth County Schools,448,Mineral Springs Elementary,1,1,1,2,171,166,103,117,17,11,0,1,17,12,620,28,220,337,2,3,1,29,0.04516129,1
2017,340452,340,Forsyth County Schools,452,Mineral Springs Middle,0,2,0,2,75,95,70,80,15,12,0,0,9,4,364,27,150,170,2,2,0,13,0.074175824,1
2017,340453,340,Forsyth County Schools,453,Moore Magnet Elementary,0,0,10,11,32,25,169,184,68,76,0,1,12,9,597,144,353,57,0,21,1,21,0.24120603,1
2017,340454,340,Forsyth County Schools,454,Mount Tabor High School,2,4,13,12,117,128,291,306,285,300,3,0,48,41,1550,585,597,245,6,25,3,89,0.377419355,1
2017,340457,340,Forsyth County Schools,457,Frank Morgan Elementary,0,0,24,27,101,92,35,38,212,235,0,0,17,8,789,447,73,193,0,51,0,25,0.566539924,0
2017,340460,340,Forsyth County Schools,460,North Forsyth High,0,1,4,4,229,204,219,194,128,93,3,3,14,25,1121,221,413,433,1,8,6,39,0.197145406,1
2017,340462,340,Forsyth County Schools,462,North Hills Elementary,1,0,0,0,110,82,157,129,8,3,1,0,1,1,493,11,286,192,1,0,1,2,0.022312373,1
2017,340464,340,Forsyth County Schools,464,Northwest Middle,0,1,6,5,181,171,179,161,121,95,1,3,26,15,965,216,340,352,1,11,4,41,0.223834197,1
2017,340472,340,Forsyth County Schools,472,Old Richmond Elementary,1,0,6,4,41,37,46,44,152,138,0,0,10,5,484,290,90,78,1,10,0,15,0.599173554,0
2017,340476,340,Forsyth County Schools,476,Old Town Elementary,0,1,2,2,197,209,85,82,10,8,6,4,12,8,626,18,167,406,1,4,10,20,0.028753994,1
2017,340480,340,Forsyth County Schools,480,Paisley IB Magnet School,1,0,3,9,57,59,154,218,103,121,0,0,15,19,759,224,372,116,1,12,0,34,0.295125165,1
2017,340486,340,Forsyth County Schools,486,Parkland High,1,0,9,10,366,320,286,258,95,76,3,0,32,27,1483,171,544,686,1,19,3,59,0.115306811,1
2017,111312,111,Asheville City Schools,312,Claxton Elementary,0,0,2,2,9,20,56,57,157,151,1,0,16,22,493,308,113,29,0,4,1,38,0.62474645,0
2017,560350,560,Macon County Schools,350,Union Academy,0,1,0,0,8,8,1,2,73,30,0,0,3,0,126,103,3,16,1,0,0,3,0.817460317,0
2017,570306,570,Madison County Schools,306,Brush Creek Elementary,0,0,0,0,9,11,0,0,185,155,1,0,0,0,361,340,0,20,0,0,1,0,0.941828255,0
2017,570312,570,Madison County Schools,312,Hot Springs Elementary,0,0,0,0,9,3,0,0,63,47,0,0,1,1,124,110,0,12,0,0,0,2,0.887096774,0
2017,570317,570,Madison County Schools,317,Madison Early College High,0,0,0,2,5,0,0,0,101,105,0,0,1,2,216,206,0,5,0,2,0,3,0.953703704,0
2017,570318,570,Madison County Schools,318,Madison High,1,0,1,4,13,8,1,0,313,252,0,0,1,3,597,565,1,21,1,5,0,4,0.94639866,0
2017,570319,570,Madison County Schools,319,Madison Middle,0,0,0,2,13,8,1,3,266,242,0,0,7,1,543,508,4,21,0,2,0,8,0.935543278,0
2017,570320,570,Madison County Schools,320,Mars Hill Elementary,1,0,1,0,11,7,1,1,243,215,1,0,1,8,490,458,2,18,1,1,1,9,0.934693878,0
2017,580308,580,Martin County Schools,308,Williamston Primary,1,1,1,3,12,8,116,93,60,50,0,0,10,4,359,110,209,20,2,4,0,14,0.306406685,1
2017,580312,580,Martin County Schools,312,E J Hayes Elementary,0,0,6,1,20,11,106,124,57,54,0,0,5,5,389,111,230,31,0,7,0,10,0.285347044,1
2017,580316,580,Martin County Schools,316,East End Elementary,0,0,0,0,20,24,98,88,32,24,0,0,6,9,301,56,186,44,0,0,0,15,0.186046512,1
2017,580320,580,Martin County Schools,320,Edna Andrews Elementary,0,0,0,0,4,9,41,38,13,12,0,0,1,0,118,25,79,13,0,0,0,1,0.211864407,1
2017,580324,580,Martin County Schools,324,Jamesville Elementary,0,0,0,0,10,7,28,18,77,64,0,0,1,1,206,141,46,17,0,0,0,2,0.684466019,0
2017,580344,580,Martin County Schools,344,South Creek High,0,0,0,0,7,4,87,88,41,35,0,0,4,4,270,76,175,11,0,0,0,8,0.281481481,1
2017,580350,580,Martin County Schools,350,South Creek Middle,0,0,0,1,14,14,63,76,22,36,0,0,3,4,233,58,139,28,0,1,0,7,0.248927039,1
2017,580356,580,Martin County Schools,356,Rodgers Elementary,0,0,0,0,12,8,20,19,99,103,0,0,3,1,265,202,39,20,0,0,0,4,0.762264151,0
2017,580368,580,Martin County Schools,368,Riverside High,0,0,5,1,18,13,118,150,125,127,0,0,9,7,573,252,268,31,0,6,0,16,0.439790576,1
2017,580372,580,Martin County Schools,372,Riverside Middle,0,0,3,2,26,13,131,131,77,74,0,0,6,6,469,151,262,39,0,5,0,12,0.32196162,1
2017,590306,590,McDowell County Schools,306,Eastfield Global Magnet,0,2,0,0,68,53,5,6,95,87,0,0,14,7,337,182,11,121,2,0,0,21,0.540059347,0
2017,590310,590,McDowell County Schools,310,East McDowell Middle,2,0,3,4,33,41,11,7,246,198,1,1,5,6,558,444,18,74,2,7,2,11,0.795698925,0
2017,590316,590,McDowell County Schools,316,Glenwood Elementary,0,1,1,1,9,17,0,0,179,148,0,0,11,8,375,327,0,26,1,2,0,19,0.872,0
2017,590320,590,McDowell County Schools,320,Marion Elementary,1,0,1,2,41,37,8,16,132,131,0,0,9,10,388,263,24,78,1,3,0,19,0.677835052,0
2017,590328,590,McDowell County Schools,328,McDowell Early College,0,0,1,7,17,31,0,2,77,107,0,0,1,8,251,184,2,48,0,8,0,9,0.733067729,0
2017,590330,590,McDowell County Schools,330,McDowell High,4,5,11,6,103,90,31,22,713,611,0,0,29,18,1643,1324,53,193,9,17,0,47,0.80584297,0
2017,590332,590,McDowell County Schools,332,Nebo Elementary,1,0,5,5,19,13,4,8,166,155,0,0,5,5,386,321,12,32,1,10,0,10,0.831606218,0
2017,590336,590,McDowell County Schools,336,North Cove Elementary,1,0,0,0,26,15,1,0,106,89,0,0,5,7,250,195,1,41,1,0,0,12,0.78,0
2017,590340,590,McDowell County Schools,340,Old Fort Elementary,0,0,2,1,6,4,7,6,147,144,0,0,11,12,340,291,13,10,0,3,0,23,0.855882353,0
2017,590344,590,McDowell County Schools,344,Pleasant Gardens Elementary,0,1,6,2,25,14,4,5,166,137,0,0,2,9,371,303,9,39,1,8,0,11,0.81671159,0
2017,590352,590,McDowell County Schools,352,West Marion Elementary,0,2,1,0,26,32,9,7,190,182,1,0,11,3,464,372,16,58,2,1,1,14,0.801724138,0
2017,590356,590,McDowell County Schools,356,West McDowell Middle,1,2,1,2,43,37,4,11,244,230,1,0,8,7,591,474,15,80,3,3,1,15,0.802030457,0
2017,590393,590,McDowell County Schools,393,McDowell,1,1,0,0,8,7,3,4,125,77,0,0,4,5,235,202,7,15,2,0,0,9,0.859574468,0
2017,600300,600,Charlotte-Mecklenburg County Schools,300,Albemarle Road Elementary,3,2,76,51,330,298,180,174,27,15,2,3,5,3,1169,42,354,628,5,127,5,8,0.035928144,1
2017,600301,600,Charlotte-Mecklenburg County Schools,301,Albemarle Road Middle,1,4,44,44,266,258,234,228,34,30,0,0,8,7,1158,64,462,524,5,88,0,15,0.055267703,1
2017,600302,600,Charlotte-Mecklenburg County Schools,302,Ardrey Kell High,1,2,263,269,143,104,189,185,880,878,1,2,43,31,2991,1758,374,247,3,532,3,74,0.58776329,0
2017,600305,600,Charlotte-Mecklenburg County Schools,305,J M Alexander Middle,1,0,14,15,47,61,226,198,85,86,0,1,17,12,763,171,424,108,1,29,1,29,0.224115334,1
2017,600308,600,Charlotte-Mecklenburg County Schools,308,Allenbrook Elementary,3,2,41,20,32,42,213,175,6,9,0,0,5,4,552,15,388,74,5,61,0,9,0.027173913,1
2017,600311,600,Charlotte-Mecklenburg County Schools,311,Ashley Park PreK-8 School,1,2,5,3,24,17,223,258,5,5,0,0,7,5,555,10,481,41,3,8,0,12,0.018018018,1
2017,600312,600,Charlotte-Mecklenburg County Schools,312,William Amos Hough High,3,6,37,29,110,124,140,125,952,997,4,1,30,36,2594,1949,265,234,9,66,5,66,0.751349268,0
2017,600313,600,Charlotte-Mecklenburg County Schools,313,Bailey Middle,1,3,20,30,111,89,71,62,598,635,2,2,23,19,1666,1233,133,200,4,50,4,42,0.740096038,0
2017,600314,600,Charlotte-Mecklenburg County Schools,314,Bain Elementary,2,1,11,18,47,51,74,58,313,307,0,2,22,19,925,620,132,98,3,29,2,41,0.67027027,0
2017,600316,600,Charlotte-Mecklenburg County Schools,316,Barringer Academic Center,2,0,64,59,22,11,182,158,50,38,0,0,3,4,593,88,340,33,2,123,0,7,0.148397976,1
2017,600317,600,Charlotte-Mecklenburg County Schools,317,Whitewater Middle,2,1,35,37,107,87,259,251,22,19,0,0,9,4,833,41,510,194,3,72,0,13,0.049219688,1
2017,600318,600,Charlotte-Mecklenburg County Schools,318,Whitewater Academy,1,0,31,28,97,118,242,186,44,26,0,0,9,6,788,70,428,215,1,59,0,15,0.088832487,1
2017,600319,600,Charlotte-Mecklenburg County Schools,319,Berryhill School,4,2,12,15,212,231,70,43,51,45,0,0,7,11,703,96,113,443,6,27,0,18,0.13655761,1
2017,600322,600,Charlotte-Mecklenburg County Schools,322,Beverly Woods Elementary,0,0,36,34,33,20,25,40,275,291,0,0,9,7,770,566,65,53,0,70,0,16,0.735064935,0
2017,600328,600,Charlotte-Mecklenburg County Schools,328,Barnette Elementary,0,0,11,10,36,45,58,66,238,238,0,2,8,8,720,476,124,81,0,21,2,16,0.661111111,0
2017,600329,600,Charlotte-Mecklenburg County Schools,329,Briarwood Elementary,3,2,7,22,165,179,163,155,9,8,0,0,4,4,721,17,318,344,5,29,0,8,0.023578363,1
2017,600333,600,Charlotte-Mecklenburg County Schools,333,Carmel Middle,1,1,5,8,124,119,94,83,302,303,1,0,16,14,1071,605,177,243,2,13,1,30,0.564892624,0
2017,600334,600,Charlotte-Mecklenburg County Schools,334,Cato Middle College High,2,2,11,10,15,25,41,71,22,39,1,0,2,6,247,61,112,40,4,21,1,8,0.246963563,1
2017,600335,600,Charlotte-Mecklenburg County Schools,335,Billingsville Elementary,0,2,6,2,18,19,148,125,2,2,0,0,4,1,329,4,273,37,2,8,0,5,0.012158055,1
2017,600336,600,Charlotte-Mecklenburg County Schools,336,Chantilly Montessori,1,0,2,2,15,10,18,26,103,95,0,0,2,2,276,198,44,25,1,4,0,4,0.717391304,0
2017,600338,600,Charlotte-Mecklenburg County Schools,338,Clear Creek Elementary,2,3,6,3,68,65,87,79,127,88,0,0,13,13,554,215,166,133,5,9,0,26,0.388086643,1
2017,600341,600,Charlotte-Mecklenburg County Schools,341,Cochrane Collegiate Academy,1,2,10,11,184,175,195,187,9,8,0,2,6,5,795,17,382,359,3,21,2,11,0.021383648,1
2017,600344,600,Charlotte-Mecklenburg County Schools,344,Collinswood Language Academy,3,1,2,3,227,241,54,67,74,75,0,1,8,7,763,149,121,468,4,5,1,15,0.195281782,1
2017,600345,600,Charlotte-Mecklenburg County Schools,345,Community House Middle,1,2,154,156,108,106,121,92,510,491,1,0,20,21,1783,1001,213,214,3,310,1,41,0.561413348,0
2017,600346,600,Charlotte-Mecklenburg County Schools,346,Cornelius Elementary,1,2,10,8,51,43,31,28,202,215,0,0,6,8,605,417,59,94,3,18,0,14,0.689256198,0
2017,600349,600,Charlotte-Mecklenburg County Schools,349,Cotswold Elementary,0,0,12,13,47,45,117,115,234,221,0,2,1,7,814,455,232,92,0,25,2,8,0.558968059,0
2017,600351,600,Charlotte-Mecklenburg County Schools,351,Coulwood STEM Academy,4,0,17,8,74,57,245,196,28,17,0,0,9,8,663,45,441,131,4,25,0,17,0.067873303,1
2017,600352,600,Charlotte-Mecklenburg County Schools,352,Crown Point Elementary,2,4,29,16,101,95,115,119,108,76,0,1,15,9,690,184,234,196,6,45,1,24,0.266666667,1
2017,600353,600,Charlotte-Mecklenburg County Schools,353,Crestdale Middle,0,0,22,31,31,37,84,67,227,255,0,1,13,14,782,482,151,68,0,53,1,27,0.616368286,0
2017,600357,600,Charlotte-Mecklenburg County Schools,357,Davidson Elementary,1,1,10,6,36,44,21,21,271,286,0,3,3,5,708,557,42,80,2,16,3,8,0.786723164,0
2017,600361,600,Charlotte-Mecklenburg County Schools,361,Butler High,2,9,58,51,233,213,340,336,428,388,1,0,39,43,2141,816,676,446,11,109,1,82,0.381130313,1
2017,600362,600,Charlotte-Mecklenburg County Schools,362,David Cox Road Elementary,6,3,11,10,54,55,189,214,15,23,1,1,19,14,615,38,403,109,9,21,2,33,0.061788618,1
2017,600364,600,Charlotte-Mecklenburg County Schools,364,Military and Global Leadership Academy,1,2,1,1,187,184,150,124,21,9,0,0,4,9,693,30,274,371,3,2,0,13,0.043290043,1
2017,600365,600,Charlotte-Mecklenburg County Schools,365,Devonshire Elementary,3,3,8,8,177,162,122,122,9,3,1,2,7,6,633,12,244,339,6,16,3,13,0.018957346,1
2017,600367,600,Charlotte-Mecklenburg County Schools,367,Dilworth Elementary,0,0,7,10,11,12,74,86,272,242,2,0,5,11,732,514,160,23,0,17,2,16,0.702185792,0
2017,130346,130,Cabarrus County Schools,346,Hickory Ridge Middle,6,6,26,30,39,39,115,105,409,354,0,0,28,26,1183,763,220,78,12,56,0,54,0.644970414,0
2017,130349,130,Cabarrus County Schools,349,Cabarrus Early College of Technology,0,1,1,2,2,8,7,4,15,17,0,0,2,3,62,32,11,10,1,3,0,5,0.516129032,0
2017,130350,130,Cabarrus County Schools,350,Cabarrus-Kannapolis Early Coll,0,2,6,7,17,29,10,35,41,89,0,0,1,3,240,130,45,46,2,13,0,4,0.541666667,0
2017,130355,130,Cabarrus County Schools,355,Harold E. Winkler Middle,1,0,9,6,130,130,79,102,196,189,0,0,22,14,878,385,181,260,1,15,0,36,0.438496583,1
2017,132304,132,Kannapolis City Schools,304,A L Brown High,0,0,13,9,219,194,250,214,292,271,0,0,48,44,1554,563,464,413,0,22,0,92,0.362290862,1
2017,132308,132,Kannapolis City Schools,308,Forest Park Elementary,1,0,1,5,74,63,77,103,86,94,0,0,15,17,536,180,180,137,1,6,0,32,0.335820896,1
2017,132312,132,Kannapolis City Schools,312,Fred L Wilson Elementary,1,0,2,4,76,55,51,49,62,54,0,0,12,10,376,116,100,131,1,6,0,22,0.308510638,1
2017,132328,132,Kannapolis City Schools,328,Jackson Park Elementary,3,2,1,3,69,66,44,53,104,87,0,4,7,15,458,191,97,135,5,4,4,22,0.417030568,1
2017,132329,132,Kannapolis City Schools,329,Kannapolis Intermediate,1,3,7,7,119,142,102,106,129,156,0,0,28,21,821,285,208,261,4,14,0,49,0.347137637,1
2017,132330,132,Kannapolis City Schools,330,Kannapolis Middle,0,0,6,4,142,111,106,111,141,129,0,0,17,20,787,270,217,253,0,10,0,37,0.343074968,1
2017,132332,132,Kannapolis City Schools,332,Shady Brook Elementary,3,0,0,3,68,59,38,40,62,52,0,0,6,8,339,114,78,127,3,3,0,14,0.336283186,1
2017,132336,132,Kannapolis City Schools,336,Woodrow Wilson Elementary,0,0,2,4,75,76,52,45,65,45,1,0,12,14,391,110,97,151,0,6,1,26,0.281329923,1
2017,140304,140,Caldwell County Schools,304,Baton Elementary,0,0,0,0,8,17,4,0,187,187,0,0,7,4,414,374,4,25,0,0,0,11,0.903381643,0
2017,140305,140,Caldwell County Schools,305,Caldwell Career Cen Mid. Coll.,0,0,0,3,9,10,3,5,103,101,0,0,4,3,241,204,8,19,0,3,0,7,0.846473029,0
2017,140306,140,Caldwell County Schools,306,Gateway School,1,0,0,0,2,0,3,1,34,5,0,0,3,0,49,39,4,2,1,0,0,3,0.795918367,0
2017,140307,140,Caldwell County Schools,307,Horizons Elementary,0,0,0,0,1,0,2,0,21,4,0,0,3,2,33,25,2,1,0,0,0,5,0.757575758,0
2017,140308,140,Caldwell County Schools,308,Collettsville School,0,1,1,0,4,6,2,1,151,164,0,0,4,9,343,315,3,10,1,1,0,13,0.918367347,0
2017,140309,140,Caldwell County Schools,309,Caldwell Early College,1,0,3,2,14,30,1,11,130,191,0,0,4,5,392,321,12,44,1,5,0,9,0.818877551,0
2017,140312,140,Caldwell County Schools,312,Davenport A+ School,0,0,2,0,75,82,45,39,106,125,0,0,16,13,503,231,84,157,0,2,0,29,0.459244533,1
2017,140316,140,Caldwell County Schools,316,Dudley Shoals Elementary,0,0,1,0,5,6,1,5,211,213,0,0,5,10,457,424,6,11,0,1,0,15,0.927789934,0
2017,140324,140,Caldwell County Schools,324,Gamewell Elementary,0,0,1,2,27,14,21,27,220,150,0,0,25,25,512,370,48,41,0,3,0,50,0.72265625,0
2017,140332,140,Caldwell County Schools,332,Gamewell Middle,1,0,0,1,41,48,21,24,172,162,0,0,17,19,506,334,45,89,1,1,0,36,0.660079051,0
2017,140336,140,Caldwell County Schools,336,Granite Falls Middle,1,0,1,6,10,22,4,2,275,260,0,0,15,7,603,535,6,32,1,7,0,22,0.887230514,0
2017,140340,140,Caldwell County Schools,340,Granite Falls Elementary,0,0,1,6,26,30,9,3,278,231,0,0,11,8,603,509,12,56,0,7,0,19,0.844112769,0
2017,140344,140,Caldwell County Schools,344,Happy Valley Elementary,0,0,0,0,2,4,1,2,114,125,0,0,4,3,255,239,3,6,0,0,0,7,0.937254902,0
2017,140348,140,Caldwell County Schools,348,Hibriten High,0,0,5,3,38,31,54,56,302,321,1,0,20,12,843,623,110,69,0,8,1,32,0.739027284,0
2017,140352,140,Caldwell County Schools,352,Hudson Elementary,0,0,2,5,40,29,1,0,303,309,0,0,19,13,721,612,1,69,0,7,0,32,0.848821082,0
2017,140356,140,Caldwell County Schools,356,Hudson Middle,0,0,1,2,39,39,4,4,281,282,0,0,12,5,669,563,8,78,0,3,0,17,0.841554559,0
2017,140360,140,Caldwell County Schools,360,Kings Creek Elementary,0,0,0,0,6,2,2,2,81,83,0,0,2,3,181,164,4,8,0,0,0,5,0.906077348,0
2017,140368,140,Caldwell County Schools,368,William Lenoir Middle,0,0,0,6,35,32,38,36,179,197,1,0,24,17,565,376,74,67,0,6,1,41,0.665486726,0
2017,140372,140,Caldwell County Schools,372,Lower Creek Elementary,0,0,4,1,14,18,11,17,179,161,0,0,10,14,429,340,28,32,0,5,0,24,0.792540793,0
2017,140376,140,Caldwell County Schools,376,Oak Hill Elementary,0,0,0,0,3,0,2,0,51,67,0,0,2,2,127,118,2,3,0,0,0,4,0.929133858,0
2017,140384,140,Caldwell County Schools,384,Sawmills Elementary,0,0,1,1,21,24,0,1,159,130,0,0,8,6,351,289,1,45,0,2,0,14,0.823361823,0
2017,140386,140,Caldwell County Schools,386,South Caldwell High,1,3,5,5,67,40,8,4,718,667,0,0,14,13,1545,1385,12,107,4,10,0,27,0.896440129,0
2017,140388,140,Caldwell County Schools,388,Valmead Elementary,0,0,0,0,7,14,5,12,55,38,0,0,8,9,148,93,17,21,0,0,0,17,0.628378378,0
2017,140390,140,Caldwell County Schools,390,West Caldwell High,0,0,0,2,78,54,42,43,343,281,0,0,26,28,897,624,85,132,0,2,0,54,0.695652174,0
2017,140392,140,Caldwell County Schools,392,West Lenoir Elementary,0,0,0,0,34,19,14,10,41,31,0,0,6,3,158,72,24,53,0,0,0,9,0.455696203,1
2017,140396,140,Caldwell County Schools,396,Whitnel Elementary,1,0,4,1,23,27,10,5,76,95,0,0,13,12,267,171,15,50,1,5,0,25,0.640449438,0
2017,150304,150,Camden County Schools,304,Camden County High,0,0,3,2,5,7,30,26,192,157,0,1,12,9,444,349,56,12,0,5,1,21,0.786036036,0
2017,150308,150,Camden County Schools,308,Grandy Primary,0,0,3,3,9,11,16,18,209,195,1,2,18,12,497,404,34,20,0,6,3,30,0.812877264,0
2017,150310,150,Camden County Schools,310,Camden Intermediate,0,0,1,1,13,6,27,19,187,169,0,0,18,12,453,356,46,19,0,2,0,30,0.785871965,0
2017,150312,150,Camden County Schools,312,Camden Middle,1,1,2,1,2,3,19,13,111,115,1,1,7,9,286,226,32,5,2,3,2,16,0.79020979,0
2017,150350,150,Camden County Schools,350,Camden Early College High,0,0,0,2,4,1,11,9,51,78,0,0,3,4,163,129,20,5,0,2,0,7,0.791411043,0
2017,160304,160,Carteret County Schools,304,Atlantic Elementary,0,0,0,0,3,2,0,0,44,24,0,0,3,1,77,68,0,5,0,0,0,4,0.883116883,0
2017,160306,160,Carteret County Schools,306,Bogue Sound Elementary,1,1,1,2,26,24,3,2,182,152,1,1,10,10,416,334,5,50,2,3,2,20,0.802884615,0
2017,160308,160,Carteret County Schools,308,Beaufort Elementary,0,1,0,0,18,18,55,41,156,142,0,1,18,27,477,298,96,36,1,0,1,45,0.624737945,0
2017,160309,160,Carteret County Schools,309,Bridges School,0,0,0,0,1,0,5,1,15,2,0,0,2,2,28,17,6,1,0,0,0,4,0.607142857,0
2017,160310,160,Carteret County Schools,310,Beaufort Middle,0,1,1,3,6,7,21,21,96,94,0,0,12,6,268,190,42,13,1,4,0,18,0.708955224,0
2017,160311,160,Carteret County Schools,311,Broad Creek Middle,3,2,2,3,25,14,7,6,288,268,1,0,16,21,656,556,13,39,5,5,1,37,0.847560976,0
2017,160313,160,Carteret County Schools,313,East Carteret High,2,1,1,2,8,8,35,37,229,246,0,0,10,12,591,475,72,16,3,3,0,22,0.803722504,0
2017,160314,160,Carteret County Schools,314,Croatan High,2,4,5,2,29,26,6,19,414,353,1,2,25,22,910,767,25,55,6,7,3,47,0.842857143,0
2017,160316,160,Carteret County Schools,316,Harkers Island Elementary,1,0,0,0,2,0,0,0,55,36,0,0,2,1,97,91,0,2,1,0,0,3,0.93814433,0
2017,160317,160,Carteret County Schools,317,Morehead Elem at Camp Glenn,2,0,5,2,42,22,17,9,78,102,0,1,3,11,294,180,26,64,2,7,1,14,0.612244898,0
2017,160318,160,Carteret County Schools,318,Morehead City Middle,1,0,5,4,40,31,13,11,185,172,1,0,19,18,500,357,24,71,1,9,1,37,0.714,0
2017,160322,160,Carteret County Schools,322,Morehead City Primary,0,0,4,9,54,41,29,27,182,159,6,3,14,17,545,341,56,95,0,13,9,31,0.625688073,0
2017,160324,160,Carteret County Schools,324,Newport Elementary,2,2,5,2,34,31,25,24,297,256,2,1,30,26,737,553,49,65,4,7,3,56,0.750339213,0
2017,160326,160,Carteret County Schools,326,Newport Middle,2,3,0,2,16,19,5,11,167,136,0,0,33,18,412,303,16,35,5,2,0,51,0.735436893,0
2017,160332,160,Carteret County Schools,332,Down East Middle and Smyrna Elementary,0,1,0,0,4,3,0,1,126,118,0,0,2,3,258,244,1,7,1,0,0,5,0.945736434,0
2017,160344,160,Carteret County Schools,344,West Carteret High,0,4,7,11,59,58,50,35,479,465,0,2,44,42,1256,944,85,117,4,18,2,86,0.751592357,0
2017,160352,160,Carteret County Schools,352,White Oak Elementary,0,1,6,3,26,22,3,8,349,335,1,0,16,20,790,684,11,48,1,9,1,36,0.865822785,0
2017,170316,170,Caswell County Schools,316,Bartlett Yancey High,1,1,2,1,40,26,180,154,236,179,0,0,14,12,846,415,334,66,2,3,0,26,0.490543735,1
2017,170334,170,Caswell County Schools,334,North Elementary,1,1,1,0,19,17,52,59,134,109,0,0,10,7,410,243,111,36,2,1,0,17,0.592682927,0
2017,170338,170,Caswell County Schools,338,N L Dillard Middle,1,1,0,2,27,25,107,93,169,148,0,0,8,12,593,317,200,52,2,2,0,20,0.534569983,0
2017,170339,170,Caswell County Schools,339,Oakwood Elementary,1,1,2,0,6,10,106,93,47,46,0,0,5,9,326,93,199,16,2,2,0,14,0.285276074,1
2017,170342,170,Caswell County Schools,342,South Elementary,0,0,0,0,8,10,34,49,97,81,0,0,4,7,290,178,83,18,0,0,0,11,0.613793103,0
2017,170344,170,Caswell County Schools,344,Stoney Creek Elementary,0,1,0,0,9,10,25,19,51,56,0,0,4,10,185,107,44,19,1,0,0,14,0.578378378,0
2017,180302,180,Catawba County Schools,302,Harry M Arndt Middle,0,0,20,17,75,92,25,22,156,180,1,0,15,17,620,336,47,167,0,37,1,32,0.541935484,0
2017,340488,340,Forsyth County Schools,488,J F Kennedy High,0,0,0,0,77,98,38,52,6,17,0,0,0,2,290,23,90,175,0,0,0,2,0.079310345,1
2017,340490,340,Forsyth County Schools,490,Petree Elementary,0,0,0,3,56,49,142,126,7,2,0,0,4,13,402,9,268,105,0,3,0,17,0.02238806,1
2017,340492,340,Forsyth County Schools,492,Philo-Hill Magnet Academy,0,1,0,1,129,149,79,72,10,11,1,0,6,8,467,21,151,278,1,1,1,14,0.04496788,1
2017,340494,340,Forsyth County Schools,494,Piney Grove Elementary,0,0,1,3,18,27,17,20,245,241,1,0,10,12,595,486,37,45,0,4,1,22,0.816806723,0
2017,340495,340,Forsyth County Schools,495,Ronald W Reagan High School,3,1,28,34,76,84,138,124,683,713,1,0,34,28,1947,1396,262,160,4,62,1,62,0.717000514,0
2017,340496,340,Forsyth County Schools,496,R J Reynolds High,1,6,39,46,135,154,299,315,332,357,0,0,38,49,1771,689,614,289,7,85,0,87,0.389045737,1
2017,340504,340,Forsyth County Schools,504,Rural Hall Elementary,0,2,3,4,60,69,64,65,169,170,0,0,19,17,642,339,129,129,2,7,0,36,0.528037383,0
2017,340508,340,Forsyth County Schools,508,Sedge Garden Elementary,0,0,8,6,62,72,75,75,145,148,0,0,18,13,622,293,150,134,0,14,0,31,0.471061093,1
2017,340512,340,Forsyth County Schools,512,Sherwood Forest Elementary,0,0,6,10,23,20,43,46,226,216,0,0,10,18,618,442,89,43,0,16,0,28,0.715210356,0
2017,340514,340,Forsyth County Schools,514,Smith Farm Elementary,2,0,1,1,82,80,133,107,90,75,0,0,17,14,602,165,240,162,2,2,0,31,0.274086379,1
2017,340516,340,Forsyth County Schools,516,Southeast Middle,0,1,7,10,184,168,117,117,260,257,1,0,24,27,1173,517,234,352,1,17,1,51,0.440750213,1
2017,340520,340,Forsyth County Schools,520,South Fork Elementary,1,1,41,32,69,66,119,103,48,38,1,1,10,6,536,86,222,135,2,73,2,16,0.160447761,1
2017,340528,340,Forsyth County Schools,528,Southwest Elementary,0,0,11,12,37,34,31,30,239,210,1,1,12,18,636,449,61,71,0,23,2,30,0.705974843,0
2017,340530,340,Forsyth County Schools,530,Speas Elementary,0,2,2,2,106,71,131,141,22,36,0,0,16,14,543,58,272,177,2,4,0,30,0.106813996,1
2017,340531,340,Forsyth County Schools,531,The Special Children's School,0,0,1,0,0,0,6,6,1,2,0,0,1,1,18,3,12,0,0,1,0,2,0.166666667,1
2017,340532,340,Forsyth County Schools,532,Union Cross Traditional Acad,1,1,0,2,93,81,68,46,162,122,0,0,17,14,607,284,114,174,2,2,0,31,0.467874794,1
2017,340536,340,Forsyth County Schools,536,Vienna Elementary,0,0,28,28,26,30,22,21,302,291,0,0,17,26,791,593,43,56,0,56,0,43,0.749683944,0
2017,340540,340,Forsyth County Schools,540,Walkertown Elementary,0,3,0,0,70,61,64,59,261,218,0,0,15,9,760,479,123,131,3,0,0,24,0.630263158,0
2017,340542,340,Forsyth County Schools,542,Walkertown High,2,3,1,1,42,58,96,57,252,234,0,0,18,9,773,486,153,100,5,2,0,27,0.628719276,0
2017,340544,340,Forsyth County Schools,544,Walkertown Middle,1,0,0,1,69,65,131,95,147,165,0,0,17,12,703,312,226,134,1,1,0,29,0.443812233,1
2017,340548,340,Forsyth County Schools,548,Ward Elementary,0,0,24,14,95,102,125,125,113,92,0,1,23,15,729,205,250,197,0,38,1,38,0.281207133,1
2017,340556,340,Forsyth County Schools,556,West Forsyth High,2,2,58,50,166,157,166,162,749,712,0,2,56,51,2333,1461,328,323,4,108,2,107,0.626232319,0
2017,340560,340,Forsyth County Schools,560,Whitaker Elementary,0,1,6,2,9,14,36,43,201,227,0,1,9,12,561,428,79,23,1,8,1,21,0.762923351,0
2017,340564,340,Forsyth County Schools,564,Wiley Magnet Middle,0,0,16,17,86,62,120,86,81,84,0,0,13,14,579,165,206,148,0,33,0,27,0.284974093,1
2017,340568,340,Forsyth County Schools,568,Winston-Salem Preparatory Acad,0,0,1,1,33,49,140,138,4,3,0,0,2,7,378,7,278,82,0,2,0,9,0.018518519,1
2017,350304,350,Franklin County Schools,304,Bunn Elementary,0,0,0,7,89,80,60,80,171,146,0,0,13,7,653,317,140,169,0,7,0,20,0.485451761,1
2017,350308,350,Franklin County Schools,308,Bunn High,4,4,1,0,72,84,111,116,247,237,1,0,18,11,906,484,227,156,8,1,1,29,0.534216336,0
2017,350310,350,Franklin County Schools,310,Bunn Middle,3,2,0,0,76,57,67,73,167,159,0,0,11,21,636,326,140,133,5,0,0,32,0.512578616,0
2017,350312,350,Franklin County Schools,312,Cedar Creek Middle,0,2,5,2,37,48,82,84,174,147,0,0,6,8,595,321,166,85,2,7,0,14,0.539495798,0
2017,350316,350,Franklin County Schools,316,Edward Best Elementary,3,2,1,1,47,56,72,77,115,117,0,0,9,9,509,232,149,103,5,2,0,18,0.455795678,1
2017,350317,350,Franklin County Schools,317,Franklin County Early College,0,0,0,5,13,16,20,30,38,53,0,0,7,4,186,91,50,29,0,5,0,11,0.489247312,1
2017,350318,350,Franklin County Schools,318,Franklinton Elementary,0,0,1,1,43,35,89,92,86,68,0,0,13,12,440,154,181,78,0,2,0,25,0.35,1
2017,350321,350,Franklin County Schools,321,Franklinton High,0,4,5,3,73,58,181,166,299,246,0,1,8,18,1062,545,347,131,4,8,1,26,0.513182674,0
2017,350324,350,Franklin County Schools,324,Franklinton Middle,0,0,0,0,17,14,42,45,48,39,0,0,5,3,213,87,87,31,0,0,0,8,0.408450704,1
2017,350330,350,Franklin County Schools,330,Laurel Mill Elementary,3,1,2,0,17,28,51,43,82,59,0,0,6,4,296,141,94,45,4,2,0,10,0.476351351,1
2017,350331,350,Franklin County Schools,331,Long Mill Elementary,0,0,0,0,41,38,63,48,116,91,0,0,10,5,412,207,111,79,0,0,0,15,0.502427184,0
2017,350332,350,Franklin County Schools,332,Louisburg Elementary,0,0,2,1,82,96,106,89,70,45,0,0,8,9,508,115,195,178,0,3,0,17,0.226377953,1
2017,350336,350,Franklin County Schools,336,Louisburg High,1,1,1,2,61,40,109,100,115,126,0,1,9,4,570,241,209,101,2,3,1,13,0.422807018,1
2017,350338,350,Franklin County Schools,338,Terrell Lane Middle,0,3,2,2,34,46,73,63,92,80,0,1,7,6,409,172,136,80,3,4,1,13,0.420537897,1
2017,350339,350,Franklin County Schools,339,Royal Elementary,1,0,0,2,40,49,89,98,135,117,0,0,9,13,553,252,187,89,1,2,0,22,0.455696203,1
2017,350340,350,Franklin County Schools,340,Youngsville Elementary,0,1,9,1,36,19,62,62,110,109,0,1,10,6,426,219,124,55,1,10,1,16,0.514084507,0
2017,360310,360,Gaston County Schools,310,Ashbrook High,4,1,20,8,125,119,294,289,256,223,1,0,17,31,1388,479,583,244,5,28,1,48,0.345100865,1
2017,360320,360,Gaston County Schools,320,Belmont Central Elementary,1,0,15,20,15,11,32,34,301,286,0,0,13,13,741,587,66,26,1,35,0,26,0.79217274,0
2017,360324,360,Gaston County Schools,324,Belmont Middle,0,0,11,16,24,21,18,29,295,263,0,0,18,11,706,558,47,45,0,27,0,29,0.790368272,0
2017,360332,360,Gaston County Schools,332,Bessemer City Central Elem,0,0,1,1,19,35,76,63,102,101,1,0,17,7,423,203,139,54,0,2,1,24,0.479905437,1
2017,360336,360,Gaston County Schools,336,Bessemer City High,0,0,0,2,37,23,83,78,233,209,0,0,10,11,686,442,161,60,0,2,0,21,0.644314869,0
2017,360337,360,Gaston County Schools,337,Gaston Early College High School,0,0,3,3,7,22,4,15,49,110,0,0,1,12,226,159,19,29,0,6,0,13,0.703539823,0
2017,360338,360,Gaston County Schools,338,Bessemer City Primary,1,0,0,1,27,33,83,50,131,108,0,0,7,9,450,239,133,60,1,1,0,16,0.531111111,0
2017,360339,360,Gaston County Schools,339,W B Beam Intermediate School,0,0,2,2,8,8,15,10,64,81,0,0,9,1,200,145,25,16,0,4,0,10,0.725,0
2017,360340,360,Gaston County Schools,340,Brookside Elementary,1,0,4,4,47,35,62,46,170,159,1,0,18,14,561,329,108,82,1,8,1,32,0.586452763,0
2017,360344,360,Gaston County Schools,344,Carr Elementary,1,0,2,2,60,52,61,70,198,217,0,0,26,31,720,415,131,112,1,4,0,57,0.576388889,0
2017,360348,360,Gaston County Schools,348,Catawba Heights Elementary,1,0,2,4,34,28,9,10,106,101,0,1,13,10,319,207,19,62,1,6,1,23,0.648902821,0
2017,360352,360,Gaston County Schools,352,Chapel Grove Elementary,1,1,1,1,20,19,24,24,170,154,0,0,10,5,430,324,48,39,2,2,0,15,0.753488372,0
2017,360360,360,Gaston County Schools,360,Cherryville High,1,0,2,1,15,10,25,27,225,212,0,0,7,12,537,437,52,25,1,3,0,19,0.813780261,0
2017,360364,360,Gaston County Schools,364,Cherryville Elementary,0,2,1,1,22,10,22,24,161,149,0,0,5,3,400,310,46,32,2,2,0,8,0.775,0
2017,360372,360,Gaston County Schools,372,Warlick Academy,0,0,0,0,5,2,37,10,37,11,0,0,8,1,111,48,47,7,0,0,0,9,0.432432432,1
2017,360376,360,Gaston County Schools,376,Costner Elementary,0,0,2,1,22,20,10,11,218,181,0,0,13,15,493,399,21,42,0,3,0,28,0.809330629,0
2017,360378,360,Gaston County Schools,378,Stuart W Cramer High,2,1,12,7,25,29,80,63,382,416,0,0,17,22,1056,798,143,54,3,19,0,39,0.755681818,0
2017,360380,360,Gaston County Schools,380,Cramerton Middle,1,1,15,7,25,21,43,35,343,290,0,0,14,9,804,633,78,46,2,22,0,23,0.787313433,0
2017,360390,360,Gaston County Schools,390,East Gaston High,2,1,4,6,28,47,47,53,379,339,0,0,11,14,931,718,100,75,3,10,0,25,0.771213749,0
2017,360392,360,Gaston County Schools,392,Edward D Sadler Jr  Elementary School,0,0,0,0,69,77,125,111,51,64,0,0,8,8,513,115,236,146,0,0,0,16,0.22417154,1
2017,360394,360,Gaston County Schools,394,Webb Street School,0,0,1,0,9,8,24,13,61,22,0,0,3,1,142,83,37,17,0,1,0,4,0.584507042,0
2017,360396,360,Gaston County Schools,396,Forestview High,2,0,11,8,65,55,121,125,388,363,0,0,26,19,1183,751,246,120,2,19,0,45,0.634826712,0
2017,360400,360,Gaston County Schools,400,Gardner Park Elementary,0,0,5,3,89,95,96,99,97,87,0,1,16,15,603,184,195,184,0,8,1,31,0.305140962,1
2017,360408,360,Gaston County Schools,408,W P Grier Middle School,0,1,7,3,70,62,172,179,91,62,0,0,17,20,684,153,351,132,1,10,0,37,0.223684211,1
2017,600368,600,Charlotte-Mecklenburg County Schools,368,First Ward Creative Arts Acad,0,4,1,1,49,78,138,249,11,19,0,0,10,12,572,30,387,127,4,2,0,22,0.052447552,1
2017,600369,600,Charlotte-Mecklenburg County Schools,369,Berewick Elementary,4,2,32,35,103,100,142,148,55,54,0,1,12,6,694,109,290,203,6,67,1,18,0.157060519,1
2017,600374,600,Charlotte-Mecklenburg County Schools,374,Druid Hills Academy,1,2,11,8,21,20,259,237,0,0,0,0,3,3,565,0,496,41,3,19,0,6,0,1
2017,600377,600,Charlotte-Mecklenburg County Schools,377,East Mecklenburg High,0,8,77,76,229,227,409,413,202,192,0,0,35,39,1907,394,822,456,8,153,0,74,0.206607236,1
2017,600379,600,Charlotte-Mecklenburg County Schools,379,Eastover Elementary,1,0,4,3,7,6,55,47,171,126,1,0,10,7,438,297,102,13,1,7,1,17,0.678082192,0
2017,600381,600,Charlotte-Mecklenburg County Schools,381,Eastway Middle,1,0,47,46,250,199,169,129,15,14,0,0,6,8,884,29,298,449,1,93,0,14,0.03280543,1
2017,600382,600,Charlotte-Mecklenburg County Schools,382,Elizabeth Lane Elem,1,1,87,75,46,32,28,24,401,349,1,0,11,11,1067,750,52,78,2,162,1,22,0.702905342,0
2017,600383,600,Charlotte-Mecklenburg County Schools,383,Elon Park Elementary,6,0,196,190,26,37,45,42,288,263,3,1,6,8,1111,551,87,63,6,386,4,14,0.495949595,1
2017,600384,600,Charlotte-Mecklenburg County Schools,384,Elizabeth Traditional Elem,3,2,6,9,36,31,166,172,57,44,0,0,3,7,536,101,338,67,5,15,0,10,0.188432836,1
2017,600385,600,Charlotte-Mecklenburg County Schools,385,Endhaven Elementary,2,0,62,67,69,60,63,42,160,176,1,2,14,10,728,336,105,129,2,129,3,24,0.461538462,1
2017,600386,600,Charlotte-Mecklenburg County Schools,386,Hawthorne High,0,0,1,6,14,29,21,83,6,16,0,0,2,1,179,22,104,43,0,7,0,3,0.122905028,1
2017,600392,600,Charlotte-Mecklenburg County Schools,392,Polo Ridge Elementary,2,3,164,154,33,21,32,40,301,245,2,1,12,11,1021,546,72,54,5,318,3,23,0.534769833,0
2017,600394,600,Charlotte-Mecklenburg County Schools,394,Francis Bradley Middle,5,1,22,14,75,69,166,158,251,253,0,1,23,25,1063,504,324,144,6,36,1,48,0.474129821,1
2017,600397,600,Charlotte-Mecklenburg County Schools,397,Garinger High,4,3,75,59,422,389,479,413,32,28,1,2,19,14,1940,60,892,811,7,134,3,33,0.030927835,1
2017,600398,600,Charlotte-Mecklenburg County Schools,398,Greenway Park Elementary,2,1,5,2,105,78,150,117,37,22,2,3,10,3,537,59,267,183,3,7,5,13,0.109869646,1
2017,600399,600,Charlotte-Mecklenburg County Schools,399,Alexander Graham Middle,5,2,21,28,50,62,201,161,437,422,0,1,12,20,1422,859,362,112,7,49,1,32,0.604078762,0
2017,600404,600,Charlotte-Mecklenburg County Schools,404,Harper Middle College High,0,0,3,3,10,10,11,18,24,20,0,0,4,4,107,44,29,20,0,6,0,8,0.411214953,1
2017,600405,600,Charlotte-Mecklenburg County Schools,405,Harding University High,4,4,24,28,317,261,479,470,23,16,0,0,19,12,1657,39,949,578,8,52,0,31,0.023536512,1
2017,600406,600,Charlotte-Mecklenburg County Schools,406,Hawk Ridge Elementary,0,1,78,96,37,47,40,44,270,264,0,2,13,11,903,534,84,84,1,174,2,24,0.591362126,0
2017,600408,600,Charlotte-Mecklenburg County Schools,408,Lawrence Orr Elementary,2,5,25,33,144,155,155,170,9,4,0,0,7,9,718,13,325,299,7,58,0,16,0.01810585,1
2017,600409,600,Charlotte-Mecklenburg County Schools,409,Parkside Elementary,1,0,12,13,19,19,126,126,38,21,0,0,5,11,391,59,252,38,1,25,0,16,0.150895141,1
2017,600410,600,Charlotte-Mecklenburg County Schools,410,Hickory Grove Elementary,2,1,4,9,131,129,164,145,15,10,2,0,5,5,622,25,309,260,3,13,2,10,0.040192926,1
2017,600411,600,Charlotte-Mecklenburg County Schools,411,Highland Creek Elementary,1,0,14,14,24,18,138,117,139,139,0,0,17,10,631,278,255,42,1,28,0,27,0.440570523,1
2017,600412,600,Charlotte-Mecklenburg County Schools,412,Hidden Valley Elementary,2,0,5,2,264,243,236,197,9,2,2,4,5,3,974,11,433,507,2,7,6,8,0.011293634,1
2017,600413,600,Charlotte-Mecklenburg County Schools,413,Highland Mill Montessori,0,0,0,2,12,11,56,69,37,34,1,0,4,5,231,71,125,23,0,2,1,9,0.307359307,1
2017,600414,600,Charlotte-Mecklenburg County Schools,414,Highland Renaissance Academy,3,1,7,2,92,103,127,140,13,5,2,1,2,2,500,18,267,195,4,9,3,4,0.036,1
2017,600415,600,Charlotte-Mecklenburg County Schools,415,Hopewell High,4,8,21,18,121,115,446,408,232,233,0,0,28,28,1662,465,854,236,12,39,0,56,0.279783394,1
2017,600416,600,Charlotte-Mecklenburg County Schools,416,Hornets Nest Elementary,0,2,17,20,81,73,195,206,4,11,1,0,12,11,633,15,401,154,2,37,1,23,0.023696682,1
2017,600418,600,Charlotte-Mecklenburg County Schools,418,Croft Community Elementary,2,1,14,13,35,25,151,160,72,77,0,0,15,6,571,149,311,60,3,27,0,21,0.260945709,1
2017,600420,600,Charlotte-Mecklenburg County Schools,420,Huntersville Elementary,1,0,14,18,75,73,45,32,266,275,0,0,3,13,815,541,77,148,1,32,0,16,0.663803681,0
2017,600422,600,Charlotte-Mecklenburg County Schools,422,Huntingtowne Farms Elementary,7,4,4,8,235,264,78,92,36,38,0,0,6,7,779,74,170,499,11,12,0,13,0.094993582,1
2017,600424,600,Charlotte-Mecklenburg County Schools,424,Idlewild Elementary,0,2,79,55,213,204,177,161,45,57,0,0,4,5,1002,102,338,417,2,134,0,9,0.101796407,1
2017,600426,600,Charlotte-Mecklenburg County Schools,426,Independence High,9,5,78,67,333,334,414,401,379,366,1,0,39,43,2469,745,815,667,14,145,1,82,0.301741596,1
2017,600428,600,Charlotte-Mecklenburg County Schools,428,James Martin Middle,5,4,21,20,148,125,348,301,18,8,0,0,11,8,1017,26,649,273,9,41,0,19,0.025565388,1
2017,600429,600,Charlotte-Mecklenburg County Schools,429,Morehead STEM Academy,11,2,52,51,76,78,392,322,31,23,0,0,15,10,1063,54,714,154,13,103,0,25,0.050799624,1
2017,600431,600,Charlotte-Mecklenburg County Schools,431,Jay M Robinson Middle,1,1,105,112,43,33,66,46,371,334,0,0,11,14,1137,705,112,76,2,217,0,25,0.62005277,0
2017,600432,600,Charlotte-Mecklenburg County Schools,432,Joseph W Grier Academy,0,6,23,19,150,143,210,185,15,21,1,2,9,5,789,36,395,293,6,42,3,14,0.045627376,1
2017,600433,600,Charlotte-Mecklenburg County Schools,433,J.V. Washam Elementary,1,1,15,19,46,58,28,58,373,395,2,1,16,20,1033,768,86,104,2,34,3,36,0.743465634,0
2017,600434,600,Charlotte-Mecklenburg County Schools,434,Kennedy Middle,1,1,36,35,149,154,202,159,94,51,0,0,12,13,907,145,361,303,2,71,0,25,0.159867696,1
2017,600435,600,Charlotte-Mecklenburg County Schools,435,Trillium Springs Montessori,0,0,3,5,7,4,27,27,21,33,0,1,2,0,130,54,54,11,0,8,1,2,0.415384615,1
2017,600436,600,Charlotte-Mecklenburg County Schools,436,Lake Wylie Elementary,4,0,25,15,82,110,136,160,64,48,0,2,14,13,673,112,296,192,4,40,2,27,0.166419019,1
2017,600437,600,Charlotte-Mecklenburg County Schools,437,Ballantyne Elementary,4,0,99,88,41,47,77,70,225,199,0,0,8,8,866,424,147,88,4,187,0,16,0.48960739,1
2017,600438,600,Charlotte-Mecklenburg County Schools,438,Lansdowne Elementary,0,0,4,16,32,45,103,89,138,119,1,0,10,9,566,257,192,77,0,20,1,19,0.454063604,1
2017,600439,600,Charlotte-Mecklenburg County Schools,439,Turning Point Academy,1,0,1,0,18,2,93,31,7,0,0,0,6,1,160,7,124,20,1,1,0,7,0.04375,1
2017,600440,600,Charlotte-Mecklenburg County Schools,440,Lebanon Road Elementary,1,5,14,8,152,155,152,150,57,46,1,1,9,7,758,103,302,307,6,22,2,16,0.135883905,1
2017,600442,600,Charlotte-Mecklenburg County Schools,442,Blythe Elementary,3,1,19,15,153,140,187,213,187,125,0,1,8,16,1068,312,400,293,4,34,1,24,0.292134831,1
2017,600443,600,Charlotte-Mecklenburg County Schools,443,Levine Middle College High,0,0,2,11,15,21,19,26,52,92,2,1,1,4,246,144,45,36,0,13,3,5,0.585365854,0
2017,600444,600,Charlotte-Mecklenburg County Schools,444,Long Creek Elementary,0,4,10,12,31,31,153,127,41,42,0,0,9,10,470,83,280,62,4,22,0,19,0.176595745,1
2017,600445,600,Charlotte-Mecklenburg County Schools,445,Mallard Creek High,2,3,74,45,112,120,862,825,184,181,1,0,47,53,2509,365,1687,232,5,119,1,100,0.145476285,1
2017,600446,600,Charlotte-Mecklenburg County Schools,446,Mallard Creek Elementary,3,1,43,41,35,30,224,216,31,29,0,1,11,6,671,60,440,65,4,84,1,17,0.089418778,1
2017,600447,600,Charlotte-Mecklenburg County Schools,447,Matthews Elementary,2,0,26,33,57,59,82,77,286,291,1,0,8,11,933,577,159,116,2,59,1,19,0.618435155,0
2017,600448,600,Charlotte-Mecklenburg County Schools,448,Martin Luther King Jr Middle,0,0,9,11,244,230,234,217,13,7,1,0,6,1,973,20,451,474,0,20,1,7,0.020554985,1
2017,600449,600,Charlotte-Mecklenburg County Schools,449,McAlpine Elementary,0,1,16,13,37,28,46,25,162,131,1,1,6,3,470,293,71,65,1,29,2,9,0.623404255,0
2017,600450,600,Charlotte-Mecklenburg County Schools,450,McClintock Middle,0,4,35,41,170,132,259,253,69,44,0,0,14,10,1031,113,512,302,4,76,0,24,0.109602328,1
2017,600451,600,Charlotte-Mecklenburg County Schools,451,McKee Road Elementary,2,3,34,35,26,18,26,14,154,187,0,2,9,4,514,341,40,44,5,69,2,13,0.663424125,0
2017,600453,600,Charlotte-Mecklenburg County Schools,453,Merry Oaks Elementary,1,1,22,21,222,192,92,95,7,8,0,2,1,1,665,15,187,414,2,43,2,2,0.022556391,1
2017,600454,600,Charlotte-Mecklenburg County Schools,454,Metro School,0,1,6,2,28,23,68,48,26,17,0,0,6,0,225,43,116,51,1,8,0,6,0.191111111,1
2017,600455,600,Charlotte-Mecklenburg County Schools,455,Mint Hill Middle,2,6,31,25,130,133,152,157,284,237,2,0,20,16,1195,521,309,263,8,56,2,36,0.435983264,1
2017,600457,600,Charlotte-Mecklenburg County Schools,457,Rocky River High,7,2,29,26,215,226,522,446,48,55,2,0,26,26,1630,103,968,441,9,55,2,52,0.063190184,1
2017,600459,600,Charlotte-Mecklenburg County Schools,459,Montclaire Elementary,0,1,2,4,179,182,26,22,10,6,0,0,1,1,434,16,48,361,1,6,0,2,0.036866359,1
2017,600461,600,Charlotte-Mecklenburg County Schools,461,Lincoln Heights Academy,0,0,0,0,5,2,61,12,9,5,0,0,3,0,97,14,73,7,0,0,0,3,0.144329897,1
2017,600462,600,Charlotte-Mecklenburg County Schools,462,Mountain Island Lake Academy,0,4,17,17,38,38,294,282,105,93,1,2,10,11,912,198,576,76,4,34,3,21,0.217105263,1
2017,180304,180,Catawba County Schools,304,Balls Creek Elementary,0,1,12,7,50,40,7,4,259,215,0,0,6,12,613,474,11,90,1,19,0,18,0.77324633,0
2017,180308,180,Catawba County Schools,308,Bandys High,0,2,9,5,24,27,20,12,392,363,1,0,20,10,885,755,32,51,2,14,1,30,0.853107345,0
2017,180312,180,Catawba County Schools,312,Banoak Elementary,0,0,3,4,4,3,2,9,128,132,0,2,4,5,296,260,11,7,0,7,2,9,0.878378378,0
2017,180316,180,Catawba County Schools,316,Blackburn Elementary,0,1,41,39,45,30,24,16,223,218,0,1,21,14,673,441,40,75,1,80,1,35,0.655274889,0
2017,180320,180,Catawba County Schools,320,Bunker Hill High,0,3,52,45,84,61,22,34,319,286,0,0,20,29,955,605,56,145,3,97,0,49,0.633507853,0
2017,180323,180,Catawba County Schools,323,Catawba Rosenwald Education Center,0,0,1,0,9,0,13,2,41,23,0,0,5,0,94,64,15,9,0,1,0,5,0.680851064,0
2017,180324,180,Catawba County Schools,324,Catawba Elementary School,0,2,7,9,32,24,22,23,137,144,0,0,12,7,419,281,45,56,2,16,0,19,0.670644391,0
2017,180325,180,Catawba County Schools,325,Challenger Early College High,0,0,21,42,34,54,3,22,76,136,0,0,4,5,397,212,25,88,0,63,0,9,0.534005038,0
2017,180326,180,Catawba County Schools,326,Charles H Tuttle Elementary,0,1,9,8,31,27,3,8,165,191,0,0,3,11,457,356,11,58,1,17,0,14,0.778993435,0
2017,180332,180,Catawba County Schools,332,Claremont Elementary,0,0,11,18,37,42,11,10,139,105,0,0,10,18,401,244,21,79,0,29,0,28,0.608478803,0
2017,180336,180,Catawba County Schools,336,Clyde Campbell Elementary,0,0,12,13,46,44,18,15,204,164,1,0,13,19,549,368,33,90,0,25,1,32,0.670309654,0
2017,180340,180,Catawba County Schools,340,Fred T Foard High,0,1,50,33,32,37,15,16,391,377,0,0,22,21,995,768,31,69,1,83,0,43,0.771859296,0
2017,180342,180,Catawba County Schools,342,Jacobs Fork Middle,0,0,25,18,26,14,9,5,190,174,0,0,15,7,483,364,14,40,0,43,0,22,0.753623188,0
2017,180343,180,Catawba County Schools,343,Lyle Creek Elementary,0,0,34,53,49,52,12,5,139,134,0,0,16,17,511,273,17,101,0,87,0,33,0.534246575,0
2017,180344,180,Catawba County Schools,344,Maiden Elementary,0,1,19,10,40,34,22,18,170,163,0,0,17,11,505,333,40,74,1,29,0,28,0.659405941,0
2017,180346,180,Catawba County Schools,346,Maiden Middle School,1,0,6,19,21,23,16,7,159,170,0,0,15,11,448,329,23,44,1,25,0,26,0.734375,0
2017,180348,180,Catawba County Schools,348,Maiden High,0,0,27,32,44,31,30,29,347,319,0,1,22,22,904,666,59,75,0,59,1,44,0.736725664,0
2017,180352,180,Catawba County Schools,352,Mill Creek Middle,0,0,1,2,15,17,4,3,175,180,0,0,7,9,413,355,7,32,0,3,0,16,0.859564165,0
2017,180356,180,Catawba County Schools,356,Mountain View Elementary,0,0,25,22,21,23,16,12,305,296,1,0,24,31,776,601,28,44,0,47,1,55,0.774484536,0
2017,180360,180,Catawba County Schools,360,Oxford Elementary,0,0,29,25,36,31,12,4,212,182,0,0,12,16,559,394,16,67,0,54,0,28,0.704830054,0
2017,180364,180,Catawba County Schools,364,River Bend Middle,1,1,31,28,41,35,10,13,166,122,0,0,10,13,471,288,23,76,2,59,0,23,0.611464968,0
2017,180368,180,Catawba County Schools,368,Sherrills Ford Elementary,0,0,0,0,6,4,4,3,237,214,0,0,8,7,483,451,7,10,0,0,0,15,0.933747412,0
2017,180372,180,Catawba County Schools,372,Saint Stephens Elementary,0,0,24,17,177,140,59,52,110,100,0,0,22,18,719,210,111,317,0,41,0,40,0.292072323,1
2017,180376,180,Catawba County Schools,376,Saint Stephens High,0,0,39,23,181,156,44,40,364,366,0,0,16,30,1259,730,84,337,0,62,0,46,0.579825258,0
2017,180379,180,Catawba County Schools,379,Snow Creek Elementary,0,0,9,6,70,63,8,6,189,179,0,0,4,17,551,368,14,133,0,15,0,21,0.667876588,0
2017,180380,180,Catawba County Schools,380,Startown Elementary,0,0,27,24,23,20,13,10,184,182,0,0,7,26,516,366,23,43,0,51,0,33,0.709302326,0
2017,180388,180,Catawba County Schools,388,Webb A Murray Elementary,0,0,7,14,83,85,10,27,86,77,0,0,10,2,401,163,37,168,0,21,0,12,0.406483791,1
2017,181312,181,Hickory City Schools,312,Northview Middle,1,0,4,8,76,66,47,48,127,156,0,0,27,16,576,283,95,142,1,12,0,43,0.491319444,1
2017,181316,181,Hickory City Schools,316,Grandview Middle,0,0,11,11,61,45,47,46,93,70,0,0,15,14,413,163,93,106,0,22,0,29,0.394673123,1
2017,181318,181,Hickory City Schools,318,Hickory Career  Arts Magnet High School,0,0,5,1,11,24,14,23,23,47,0,0,4,12,164,70,37,35,0,6,0,16,0.426829268,1
2017,181322,181,Hickory City Schools,322,Hickory High,1,0,17,25,125,113,137,108,284,205,0,1,30,37,1083,489,245,238,1,42,1,67,0.451523546,1
2017,181326,181,Hickory City Schools,326,W M Jenkins Elementary,0,0,13,6,33,39,24,30,117,119,0,0,9,15,405,236,54,72,0,19,0,24,0.582716049,0
2017,181332,181,Hickory City Schools,332,Longview Elementary,0,0,12,8,78,66,61,81,44,57,0,1,21,24,453,101,142,144,0,20,1,45,0.222958057,1
2017,181336,181,Hickory City Schools,336,Oakwood Elementary,0,0,3,6,55,45,24,25,98,76,1,0,16,16,365,174,49,100,0,9,1,32,0.476712329,1
2017,181342,181,Hickory City Schools,342,Southwest Elementary,1,0,9,11,44,43,25,18,60,40,0,0,7,11,269,100,43,87,1,20,0,18,0.371747212,1
2017,181344,181,Hickory City Schools,344,Viewmont Elementary,0,0,12,9,59,62,55,57,94,99,0,0,22,27,496,193,112,121,0,21,0,49,0.389112903,1
2017,182304,182,Newton-Conover City Schools,304,Conover Special Education,0,0,1,0,2,0,1,1,8,3,0,0,0,1,17,11,2,2,0,1,0,1,0.647058824,0
2017,182316,182,Newton-Conover City Schools,316,Newton-Conover High,1,0,15,19,117,91,70,46,196,162,0,0,31,29,777,358,116,208,1,34,0,60,0.460746461,1
2017,182321,182,Newton-Conover City Schools,321,Newton-Conover Middle,0,0,21,15,96,74,45,39,141,165,0,0,26,26,648,306,84,170,0,36,0,52,0.472222222,1
2017,182322,182,Newton-Conover City Schools,322,Shuford Elementary,0,0,17,21,62,54,26,17,127,105,0,0,21,25,475,232,43,116,0,38,0,46,0.488421053,1
2017,182324,182,Newton-Conover City Schools,324,South Newton Elementary,0,0,6,6,33,59,40,29,84,84,0,0,16,23,380,168,69,92,0,12,0,39,0.442105263,1
2017,182328,182,Newton-Conover City Schools,328,North Newton Elementary,0,0,25,23,84,75,31,34,102,85,0,0,20,12,491,187,65,159,0,48,0,32,0.380855397,1
2017,182700,182,Newton-Conover City Schools,700,Discovery High School,0,0,1,8,13,18,4,4,77,97,0,0,1,11,234,174,8,31,0,9,0,12,0.743589744,0
2017,190304,190,Chatham County Schools,304,Bennett School,0,0,1,0,5,10,2,1,88,98,0,0,1,1,207,186,3,15,0,1,0,2,0.898550725,0
2017,190308,190,Chatham County Schools,308,Bonlee School,0,0,0,0,20,32,12,13,126,108,0,0,5,6,322,234,25,52,0,0,0,11,0.726708075,0
2017,190310,190,Chatham County Schools,310,SAGE Academy,0,0,0,0,5,4,4,7,6,8,0,0,0,0,34,14,11,9,0,0,0,0,0.411764706,1
2017,190312,190,Chatham County Schools,312,Chatham Middle,0,0,3,0,198,185,38,33,33,35,0,0,6,11,542,68,71,383,0,3,0,17,0.125461255,1
2017,190316,190,Chatham County Schools,316,Chatham Central High,0,0,1,1,15,21,27,21,142,164,0,0,1,8,401,306,48,36,0,2,0,9,0.763092269,0
2017,190328,190,Chatham County Schools,328,Horton Middle,0,0,4,3,34,39,42,33,120,108,0,0,11,15,409,228,75,73,0,7,0,26,0.557457213,0
2017,190332,190,Chatham County Schools,332,J S Waters School,1,0,0,1,16,11,22,21,107,92,0,0,6,4,281,199,43,27,1,1,0,10,0.708185053,0
2017,190336,190,Chatham County Schools,336,Jordan Matthews High,2,0,4,6,245,233,59,56,114,85,0,0,15,16,835,199,115,478,2,10,0,31,0.238323353,1
2017,190339,190,Chatham County Schools,339,Margaret B. Pollard Middle,3,1,6,10,63,62,22,21,198,216,0,0,18,15,635,414,43,125,4,16,0,33,0.651968504,0
2017,190340,190,Chatham County Schools,340,Moncure School,1,2,2,0,20,26,25,16,96,91,0,0,4,4,287,187,41,46,3,2,0,8,0.651567944,0
2017,190341,190,Chatham County Schools,341,North Chatham Elementary,0,0,4,0,88,91,14,12,151,148,0,0,9,12,529,299,26,179,0,4,0,21,0.565217391,0
2017,190342,190,Chatham County Schools,342,Northwood High,3,0,11,8,126,107,82,100,417,477,1,0,28,29,1389,894,182,233,3,19,1,57,0.64362851,0
2017,190346,190,Chatham County Schools,346,Perry W Harrison Elementary,3,2,7,5,44,35,19,23,262,257,0,0,18,28,703,519,42,79,5,12,0,46,0.73826458,0
2017,190348,190,Chatham County Schools,348,Pittsboro Elementary,0,0,4,6,47,36,41,60,141,128,0,0,27,17,507,269,101,83,0,10,0,44,0.530571992,0
2017,190350,190,Chatham County Schools,350,Siler City Elementary,0,0,2,0,207,220,48,51,59,51,1,0,11,12,662,110,99,427,0,2,1,23,0.166163142,1
2017,190352,190,Chatham County Schools,352,Silk Hope School,0,0,2,2,25,28,13,8,132,142,0,0,11,8,371,274,21,53,0,4,0,19,0.738544474,0
2017,190370,190,Chatham County Schools,370,Virginia Cross Elementary,0,0,1,1,191,203,42,44,14,21,0,0,8,10,535,35,86,394,0,2,0,18,0.065420561,1
2017,190501,190,Chatham County Schools,501,Chatham School of Science & Engineering,0,0,0,0,0,1,0,0,2,4,0,0,1,0,8,6,0,1,0,0,0,1,0.75,0
2017,200304,200,Cherokee County Schools,304,Andrews Elementary,1,1,1,2,18,25,2,2,141,112,0,0,8,9,322,253,4,43,2,3,0,17,0.785714286,0
2017,200308,200,Cherokee County Schools,308,Andrews High,3,6,3,0,6,7,1,0,112,104,0,0,1,4,247,216,1,13,9,3,0,5,0.874493927,0
2017,200310,200,Cherokee County Schools,310,Andrews Middle,2,2,2,0,6,5,1,0,91,78,0,0,3,2,192,169,1,11,4,2,0,5,0.880208333,0
2017,200312,200,Cherokee County Schools,312,Hiwassee Dam Elementary/Middle,0,0,0,0,5,2,0,0,75,73,0,0,1,3,159,148,0,7,0,0,0,4,0.93081761,0
2017,200314,200,Cherokee County Schools,314,Hiwassee Dam High,0,0,0,0,2,2,0,1,86,95,0,0,0,2,188,181,1,4,0,0,0,2,0.962765957,0
2017,200316,200,Cherokee County Schools,316,Marble Elementary,0,0,0,1,2,2,0,0,50,42,0,0,4,3,104,92,0,4,0,1,0,7,0.884615385,0
2017,200320,200,Cherokee County Schools,320,Martins Creek Elementary/Mid,0,1,0,0,11,16,0,0,81,90,0,0,4,2,205,171,0,27,1,0,0,6,0.834146341,0
2017,200322,200,Cherokee County Schools,322,The Oaks Academy,1,0,0,0,1,4,0,2,35,17,0,0,0,0,60,52,2,5,1,0,0,0,0.866666667,0
2017,360418,360,Gaston County Schools,418,Highland Sch of Technology,0,2,7,14,22,33,27,30,195,197,0,1,11,18,557,392,57,55,2,21,1,29,0.703770197,0
2017,360420,360,Gaston County Schools,420,Hawks Nest STEAM Academy,0,1,7,9,16,23,47,40,125,107,0,0,10,6,391,232,87,39,1,16,0,16,0.593350384,0
2017,360426,360,Gaston County Schools,426,Holbrook Middle,1,0,4,11,66,66,78,77,190,135,0,1,15,14,658,325,155,132,1,15,1,29,0.493920973,1
2017,360428,360,Gaston County Schools,428,Hunter Huss High,2,2,5,3,102,108,238,240,211,169,0,0,23,21,1124,380,478,210,4,8,0,44,0.338078292,1
2017,360430,360,Gaston County Schools,430,J B Page Primary School,0,0,6,6,7,7,12,11,128,131,0,0,6,10,324,259,23,14,0,12,0,16,0.799382716,0
2017,360431,360,Gaston County Schools,431,John Chavis Middle School,0,1,2,2,7,17,12,23,178,156,0,0,3,7,408,334,35,24,1,4,0,10,0.818627451,0
2017,360432,360,Gaston County Schools,432,Kiser Elementary,0,1,1,2,15,10,25,10,189,131,0,0,15,9,408,320,35,25,1,3,0,24,0.784313725,0
2017,360436,360,Gaston County Schools,436,Bessemer City Middle,0,1,1,0,29,38,56,65,174,145,0,0,13,9,531,319,121,67,1,1,0,22,0.600753296,0
2017,360438,360,Gaston County Schools,438,Lingerfeldt Elementary,1,0,0,1,44,51,89,103,47,46,0,1,10,8,401,93,192,95,1,1,1,18,0.2319202,1
2017,360440,360,Gaston County Schools,440,Lowell Elementary,0,1,1,1,39,40,40,27,203,185,1,0,15,9,562,388,67,79,1,2,1,24,0.690391459,0
2017,360448,360,Gaston County Schools,448,McAdenville Elementary,0,0,0,1,5,9,11,8,79,70,0,0,9,5,197,149,19,14,0,1,0,14,0.756345178,0
2017,360456,360,Gaston County Schools,456,Mount Holly Middle,0,0,5,7,21,19,60,71,284,234,0,0,23,19,743,518,131,40,0,12,0,42,0.69717362,0
2017,360464,360,Gaston County Schools,464,New Hope Elementary,1,0,4,5,11,12,25,23,226,186,0,0,10,4,507,412,48,23,1,9,0,14,0.812623274,0
2017,360468,360,Gaston County Schools,468,North Belmont Elementary,1,1,6,7,42,48,16,20,117,104,0,1,12,6,381,221,36,90,2,13,1,18,0.580052493,0
2017,360470,360,Gaston County Schools,470,North Gaston High,4,0,5,4,47,48,100,85,439,386,1,0,31,24,1174,825,185,95,4,9,1,55,0.702725724,0
2017,360478,360,Gaston County Schools,478,Pinewood Elementary,4,0,5,3,22,16,55,48,192,186,0,1,6,12,550,378,103,38,4,8,1,18,0.687272727,0
2017,360480,360,Gaston County Schools,480,Pleasant Ridge Elementary,1,1,3,0,74,58,157,137,72,57,0,0,17,14,591,129,294,132,2,3,0,31,0.218274112,1
2017,360482,360,Gaston County Schools,482,Ida Rankin Elementary School,1,0,7,7,12,22,57,69,196,210,0,1,18,15,615,406,126,34,1,14,1,33,0.660162602,0
2017,360488,360,Gaston County Schools,488,Robinson Elementary,0,1,6,4,17,9,44,47,105,113,0,0,19,8,373,218,91,26,1,10,0,27,0.584450402,0
2017,360490,360,Gaston County Schools,490,Sherwood Elementary,0,1,6,4,81,75,112,142,105,110,0,0,25,30,691,215,254,156,1,10,0,55,0.311143271,1
2017,360492,360,Gaston County Schools,492,H H Beam Elementary,0,0,0,2,93,87,113,113,131,124,0,0,23,19,705,255,226,180,0,2,0,42,0.361702128,1
2017,360494,360,Gaston County Schools,494,South Point High,1,0,17,16,29,30,53,34,423,403,1,1,17,20,1045,826,87,59,1,33,2,37,0.790430622,0
2017,360498,360,Gaston County Schools,498,Southwest Middle,1,0,0,1,74,77,154,111,155,172,0,0,17,18,780,327,265,151,1,1,0,35,0.419230769,1
2017,360499,360,Gaston County Schools,499,Springfield Primary,0,2,2,2,20,12,15,13,170,175,0,0,6,10,427,345,28,32,2,4,0,16,0.807962529,0
2017,360500,360,Gaston County Schools,500,Stanley Middle,1,1,2,0,26,20,16,6,235,160,0,0,8,6,481,395,22,46,2,2,0,14,0.821205821,0
2017,360504,360,Gaston County Schools,504,Tryon Elementary,1,0,0,0,9,13,21,19,156,136,0,0,11,3,369,292,40,22,1,0,0,14,0.791327913,0
2017,360510,360,Gaston County Schools,510,W A Bess Elementary School,1,1,10,12,25,28,15,18,216,223,1,0,23,13,586,439,33,53,2,22,1,36,0.749146758,0
2017,360514,360,Gaston County Schools,514,W C Friday Middle School,1,2,1,1,56,31,38,40,260,223,0,0,13,13,679,483,78,87,3,2,0,26,0.711340206,0
2017,360520,360,Gaston County Schools,520,Woodhill Elementary,4,0,0,0,40,39,193,183,45,40,0,0,21,17,582,85,376,79,4,0,0,38,0.14604811,1
2017,360526,360,Gaston County Schools,526,York Chester Middle,0,0,0,0,38,44,91,75,36,46,0,0,12,9,351,82,166,82,0,0,0,21,0.233618234,1
2017,370304,370,Gates County Schools,304,Buckland Elementary,0,0,0,0,8,2,39,36,65,67,0,0,11,7,235,132,75,10,0,0,0,18,0.561702128,0
2017,370308,370,Gates County Schools,308,Central Middle School,0,1,0,0,2,4,49,63,123,100,0,0,8,7,357,223,112,6,1,0,0,15,0.62464986,0
2017,370312,370,Gates County Schools,312,Gates County Senior High,2,4,1,0,4,2,96,90,159,144,0,1,8,6,517,303,186,6,6,1,1,14,0.586073501,0
2017,370316,370,Gates County Schools,316,Gatesville Elementary,0,0,0,0,0,3,50,35,67,76,0,0,8,5,244,143,85,3,0,0,0,13,0.586065574,0
2017,370324,370,Gates County Schools,324,T S Cooper Elementary,0,0,0,0,3,4,35,39,71,73,0,0,8,2,235,144,74,7,0,0,0,10,0.612765957,0
2017,380306,380,Graham County Schools,306,Robbinsville Elementary,71,43,1,2,9,11,2,0,273,215,0,0,2,4,633,488,2,20,114,3,0,6,0.77093207,0
2017,380308,380,Graham County Schools,308,Robbinsville High,28,29,0,0,8,4,1,0,164,141,0,0,1,3,379,305,1,12,57,0,0,4,0.80474934,0
2017,380310,380,Graham County Schools,310,Robbinsville Middle,13,12,1,0,4,4,0,0,66,77,0,0,1,0,178,143,0,8,25,1,0,1,0.803370787,0
2017,390309,390,Granville County Schools,309,Butner-Stem Middle,1,1,2,1,68,63,47,47,87,74,0,0,10,7,408,161,94,131,2,3,0,17,0.394607843,1
2017,390311,390,Granville County Schools,311,Butner-Stem Elementary,1,0,0,0,71,77,75,85,90,72,0,1,11,12,495,162,160,148,1,0,1,23,0.327272727,1
2017,390312,390,Granville County Schools,312,C. G. Credle Elementary,3,0,4,5,12,17,138,151,29,27,0,0,10,3,399,56,289,29,3,9,0,13,0.140350877,1
2017,390314,390,Granville County Schools,314,Center For Innovative Learning,0,0,0,0,0,0,1,4,2,0,0,0,0,0,7,2,5,0,0,0,0,0,0.285714286,1
2017,390316,390,Granville County Schools,316,Creedmoor Elementary,0,2,2,1,79,75,73,62,77,56,0,0,6,6,439,133,135,154,2,3,0,12,0.302961276,1
2017,390320,390,Granville County Schools,320,G. C. Hawley Middle,1,2,2,1,36,40,72,66,176,147,0,0,14,7,564,323,138,76,3,3,0,21,0.572695035,0
2017,390322,390,Granville County Schools,322,Granville Central High,0,0,5,1,72,62,102,94,181,125,0,0,8,19,669,306,196,134,0,6,0,27,0.457399103,1
2017,390323,390,Granville County Schools,323,Granville Early College High,0,0,0,1,7,34,19,41,41,60,0,0,2,6,211,101,60,41,0,1,0,8,0.478672986,1
2017,390324,390,Granville County Schools,324,J. F. Webb High,1,0,1,1,34,17,187,128,111,56,0,0,11,7,554,167,315,51,1,2,0,18,0.301444043,1
2017,390331,390,Granville County Schools,331,Mary Potter Middle,0,1,2,0,12,17,86,79,60,50,0,0,8,6,321,110,165,29,1,2,0,14,0.342679128,1
2017,390333,390,Granville County Schools,333,Mount Energy Elementary,0,0,0,1,19,25,38,38,113,111,0,0,4,4,353,224,76,44,0,1,0,8,0.634560907,0
2017,390334,390,Granville County Schools,334,Northern Granville Middle,1,0,0,2,37,34,109,70,55,38,0,0,5,1,352,93,179,71,1,2,0,6,0.264204545,1
2017,390336,390,Granville County Schools,336,Joe Toler-Oak Hill Elementary,0,1,1,2,12,17,34,34,65,49,0,0,4,3,222,114,68,29,1,3,0,7,0.513513514,0
2017,390352,390,Granville County Schools,352,South Granville High,0,1,1,1,60,53,111,91,260,228,0,0,14,22,842,488,202,113,1,2,0,36,0.579572447,0
2017,390360,390,Granville County Schools,360,Stovall-Shaw Elementary,0,1,1,0,17,21,56,39,93,105,0,0,4,4,341,198,95,38,1,1,0,8,0.580645161,0
2017,390362,390,Granville County Schools,362,Tar River Elementary,0,0,2,1,25,25,31,23,177,164,0,0,11,7,466,341,54,50,0,3,0,18,0.731759657,0
2017,390364,390,Granville County Schools,364,West Oxford Elementary,1,1,8,8,52,49,122,133,47,39,0,0,6,11,477,86,255,101,2,16,0,17,0.180293501,1
2017,390368,390,Granville County Schools,368,Wilton Elementary,0,0,0,0,14,16,33,20,116,93,0,0,6,6,304,209,53,30,0,0,0,12,0.6875,0
2017,390700,390,Granville County Schools,700,JF Webb HS Of Health And Life Sciences,0,0,0,3,5,10,23,48,68,113,1,0,1,3,275,181,71,15,0,3,1,4,0.658181818,0
2017,400308,400,Greene County Schools,308,Greene Central High,0,1,0,0,105,95,165,181,147,110,0,0,4,5,813,257,346,200,1,0,0,9,0.316113161,1
2017,400312,400,Greene County Schools,312,Greene County Middle,0,1,1,0,110,96,136,120,111,107,0,0,8,5,695,218,256,206,1,1,0,13,0.313669065,1
2017,400315,400,Greene County Schools,315,Greene Early College High,0,0,0,0,25,43,14,18,27,36,0,0,0,1,164,63,32,68,0,0,0,1,0.384146341,1
2017,400318,400,Greene County Schools,318,Greene County Intermediate,2,3,0,0,104,76,86,91,65,59,0,0,6,4,496,124,177,180,5,0,0,10,0.25,1
2017,400321,400,Greene County Schools,321,Snow Hill Primary,3,0,3,1,78,96,87,91,92,56,0,0,7,4,518,148,178,174,3,4,0,11,0.285714286,1
2017,400332,400,Greene County Schools,332,West Greene Elementary,0,0,0,0,80,68,77,83,57,69,0,0,8,2,444,126,160,148,0,0,0,10,0.283783784,1
2017,410304,410,Guilford County Schools,304,Alamance Elementary,1,4,8,7,21,14,45,54,157,150,0,0,10,17,488,307,99,35,5,15,0,27,0.629098361,0
2017,410307,410,Guilford County Schools,307,Edwin A Alderman Elementary,0,1,11,10,83,70,76,75,30,30,1,2,7,6,402,60,151,153,1,21,3,13,0.149253731,1
2017,410310,410,Guilford County Schools,310,Allen Jay Elementary,2,0,53,65,57,48,45,51,45,44,1,0,7,1,419,89,96,105,2,118,1,8,0.212410501,1
2017,410311,410,Guilford County Schools,311,"""Allen Jay Middle, A Preparatory Academy""",1,0,5,7,18,24,101,132,52,38,0,0,8,8,394,90,233,42,1,12,0,16,0.228426396,1
2017,410313,410,Guilford County Schools,313,Southern Guilford Middle,2,7,31,27,101,103,142,118,92,75,0,0,20,15,733,167,260,204,9,58,0,35,0.227830832,1
2017,600463,600,Charlotte-Mecklenburg County Schools,463,River Oaks Academy,1,2,13,11,37,32,219,179,41,39,3,0,12,4,593,80,398,69,3,24,3,16,0.134907251,1
2017,600464,600,Charlotte-Mecklenburg County Schools,464,Myers Park Traditional,0,2,32,28,29,19,171,175,116,119,0,0,7,6,704,235,346,48,2,60,0,13,0.333806818,1
2017,600466,600,Charlotte-Mecklenburg County Schools,466,Myers Park High,7,4,49,38,150,131,367,354,902,939,0,1,28,24,2994,1841,721,281,11,87,1,52,0.61489646,0
2017,600468,600,Charlotte-Mecklenburg County Schools,468,Nathaniel Alexander Elementary,3,3,21,16,94,85,262,280,15,15,0,0,9,8,811,30,542,179,6,37,0,17,0.036991369,1
2017,600471,600,Charlotte-Mecklenburg County Schools,471,Nations Ford Elementary,0,0,6,6,256,253,118,121,11,10,0,0,0,0,781,21,239,509,0,12,0,0,0.026888604,1
2017,600474,600,Charlotte-Mecklenburg County Schools,474,Newell Elementary,3,4,13,10,197,230,187,151,19,8,1,3,10,9,845,27,338,427,7,23,4,19,0.031952663,1
2017,600478,600,Charlotte-Mecklenburg County Schools,478,J H Gunn Elementary,4,3,15,17,148,166,159,164,29,26,1,0,8,10,750,55,323,314,7,32,1,18,0.073333333,1
2017,600479,600,Charlotte-Mecklenburg County Schools,479,Northeast Middle,2,5,4,10,102,116,132,125,63,61,0,1,11,9,641,124,257,218,7,14,1,20,0.193447738,1
2017,600480,600,Charlotte-Mecklenburg County Schools,480,North Mecklenburg High,3,4,39,39,192,173,626,701,180,179,1,0,27,29,2193,359,1327,365,7,78,1,56,0.16370269,1
2017,600481,600,Charlotte-Mecklenburg County Schools,481,Northridge Middle,0,1,13,8,116,124,210,178,13,11,0,0,10,7,691,24,388,240,1,21,0,17,0.034732272,1
2017,600482,600,Charlotte-Mecklenburg County Schools,482,Northwest School of the Arts,1,8,1,17,29,57,124,400,100,263,0,1,15,35,1051,363,524,86,9,18,1,50,0.345385347,1
2017,600484,600,Charlotte-Mecklenburg County Schools,484,Oakhurst STEAM Academy,2,1,28,13,106,91,140,139,56,42,0,0,3,10,631,98,279,197,3,41,0,13,0.155309033,1
2017,600485,600,Charlotte-Mecklenburg County Schools,485,Oakdale Elementary,1,2,18,15,61,60,241,237,11,15,1,1,11,13,687,26,478,121,3,33,2,24,0.037845706,1
2017,600488,600,Charlotte-Mecklenburg County Schools,488,Oaklawn Language Academy,0,0,0,1,151,135,112,129,8,4,1,0,3,5,549,12,241,286,0,1,1,8,0.021857923,1
2017,600489,600,Charlotte-Mecklenburg County Schools,489,Bruns Academy,0,2,11,10,30,36,338,248,1,3,4,1,3,3,690,4,586,66,2,21,5,6,0.005797101,1
2017,600491,600,Charlotte-Mecklenburg County Schools,491,Olde Providence Elementary,0,2,33,38,20,19,33,33,280,267,1,0,7,8,741,547,66,39,2,71,1,15,0.738191633,0
2017,600492,600,Charlotte-Mecklenburg County Schools,492,Park Road Montessori,2,1,16,19,18,13,21,31,124,180,1,1,6,6,439,304,52,31,3,35,2,12,0.692482916,0
2017,600493,600,Charlotte-Mecklenburg County Schools,493,Palisades Park Elementary,2,2,21,25,73,52,156,146,149,152,2,1,19,19,819,301,302,125,4,46,3,38,0.367521368,1
2017,600494,600,Charlotte-Mecklenburg County Schools,494,Paw Creek Elementary,0,3,10,13,92,93,142,134,27,21,0,0,3,2,540,48,276,185,3,23,0,5,0.088888889,1
2017,600496,600,Charlotte-Mecklenburg County Schools,496,Phillip O Berry Academy of Technology,1,3,28,48,180,137,512,579,36,19,0,0,17,13,1573,55,1091,317,4,76,0,30,0.034965035,1
2017,600497,600,Charlotte-Mecklenburg County Schools,497,Piedmont IB Middle,2,1,41,41,49,55,288,362,92,112,0,0,15,26,1084,204,650,104,3,82,0,41,0.188191882,1
2017,600498,600,Charlotte-Mecklenburg County Schools,498,Performance Learning Center,0,0,1,7,14,25,55,91,12,20,0,0,2,4,231,32,146,39,0,8,0,6,0.138528139,1
2017,600499,600,Charlotte-Mecklenburg County Schools,499,eLearning Academy,1,0,0,0,8,7,22,32,34,42,0,0,0,3,149,76,54,15,1,0,0,3,0.510067114,0
2017,600500,600,Charlotte-Mecklenburg County Schools,500,Pineville Elementary,2,1,15,11,145,143,103,94,132,118,0,0,12,9,785,250,197,288,3,26,0,21,0.318471338,1
2017,600501,600,Charlotte-Mecklenburg County Schools,501,Pinewood Elementary,1,2,12,6,146,104,81,101,15,17,0,0,2,0,487,32,182,250,3,18,0,2,0.065708419,1
2017,600503,600,Charlotte-Mecklenburg County Schools,503,Piney Grove Elementary,2,0,21,16,206,163,144,152,44,35,0,1,10,12,806,79,296,369,2,37,1,22,0.098014888,1
2017,600507,600,Charlotte-Mecklenburg County Schools,507,Providence Spring Elementary,0,0,99,74,20,27,23,16,325,327,0,0,11,10,932,652,39,47,0,173,0,21,0.699570815,0
2017,600508,600,Charlotte-Mecklenburg County Schools,508,Providence High,3,2,111,99,52,74,96,75,724,763,0,5,24,20,2048,1487,171,126,5,210,5,44,0.726074219,0
2017,600509,600,Charlotte-Mecklenburg County Schools,509,Quail Hollow Middle,2,0,10,14,156,172,145,156,117,110,0,1,14,12,909,227,301,328,2,24,1,26,0.249724972,1
2017,600512,600,Charlotte-Mecklenburg County Schools,512,Rama Road Elementary,0,0,14,13,76,93,145,129,63,56,0,0,6,8,603,119,274,169,0,27,0,14,0.1973466,1
2017,600513,600,Charlotte-Mecklenburg County Schools,513,Randolph Middle,3,3,87,61,119,126,131,178,214,198,0,2,21,16,1159,412,309,245,6,148,2,37,0.355478861,1
2017,600514,600,Charlotte-Mecklenburg County Schools,514,Ranson Middle,2,1,15,14,115,102,328,304,21,16,0,0,14,7,939,37,632,217,3,29,0,21,0.039403621,1
2017,600516,600,Charlotte-Mecklenburg County Schools,516,Reedy Creek Elementary,1,2,16,13,108,97,225,200,43,35,0,0,11,21,772,78,425,205,3,29,0,32,0.101036269,1
2017,600517,600,Charlotte-Mecklenburg County Schools,517,Reid Park Academy,2,0,36,31,38,45,414,315,8,3,0,0,2,3,897,11,729,83,2,67,0,5,0.012263099,1
2017,600518,600,Charlotte-Mecklenburg County Schools,518,Ridge Road Middle,2,6,27,28,80,70,423,413,79,80,0,0,19,18,1245,159,836,150,8,55,0,37,0.127710843,1
2017,600519,600,Charlotte-Mecklenburg County Schools,519,Sedgefield Elementary,0,0,2,3,50,35,154,131,10,2,0,0,0,4,391,12,285,85,0,5,0,4,0.030690537,1
2017,600520,600,Charlotte-Mecklenburg County Schools,520,Sedgefield Middle,2,1,5,4,136,159,174,180,52,47,1,0,7,6,774,99,354,295,3,9,1,13,0.127906977,1
2017,600521,600,Charlotte-Mecklenburg County Schools,521,Stoney Creek Elementary,3,0,22,23,96,88,248,224,24,28,2,3,11,8,780,52,472,184,3,45,5,19,0.066666667,1
2017,600522,600,Charlotte-Mecklenburg County Schools,522,Selwyn Elementary,2,2,6,11,31,29,40,39,349,333,1,1,9,7,860,682,79,60,4,17,2,16,0.793023256,0
2017,600527,600,Charlotte-Mecklenburg County Schools,527,Shamrock Gardens Elementary,1,2,4,3,62,59,106,99,70,72,0,1,5,4,488,142,205,121,3,7,1,9,0.290983607,1
2017,600530,600,Charlotte-Mecklenburg County Schools,530,Sharon Elementary,0,2,41,35,17,25,45,64,296,282,1,1,9,12,830,578,109,42,2,76,2,21,0.696385542,0
2017,600532,600,Charlotte-Mecklenburg County Schools,532,Waddell Language Academy,2,4,24,45,139,132,154,182,308,321,1,1,35,34,1382,629,336,271,6,69,2,69,0.455137482,1
2017,600534,600,Charlotte-Mecklenburg County Schools,534,Smithfield Elementary,1,0,11,6,91,71,86,73,164,149,0,0,9,8,669,313,159,162,1,17,0,17,0.467862481,1
2017,600535,600,Charlotte-Mecklenburg County Schools,535,South Mecklenburg High,2,7,47,46,480,474,368,422,527,561,0,1,46,50,3031,1088,790,954,9,93,1,96,0.35895744,1
2017,600537,600,Charlotte-Mecklenburg County Schools,537,South Charlotte Middle,2,1,30,32,41,34,47,53,334,294,0,0,11,7,886,628,100,75,3,62,0,18,0.708803612,0
2017,600538,600,Charlotte-Mecklenburg County Schools,538,Southwest Middle School,2,3,36,25,227,197,269,275,145,155,0,0,27,27,1388,300,544,424,5,61,0,54,0.216138329,1
2017,600545,600,Charlotte-Mecklenburg County Schools,545,Starmount Acad of Excellence,3,1,7,1,148,163,63,41,10,6,0,0,1,1,445,16,104,311,4,8,0,2,0.035955056,1
2017,600546,600,Charlotte-Mecklenburg County Schools,546,Statesville Road Elementary,1,0,10,3,44,46,210,229,1,2,0,1,8,11,566,3,439,90,1,13,1,19,0.005300353,1
2017,600549,600,Charlotte-Mecklenburg County Schools,549,Steele Creek Elementary,0,1,26,24,185,141,167,153,27,32,0,0,7,11,774,59,320,326,1,50,0,18,0.07622739,1
2017,600550,600,Charlotte-Mecklenburg County Schools,550,Sterling Elementary,1,2,4,3,198,177,119,119,7,6,0,0,2,8,646,13,238,375,3,7,0,10,0.020123839,1
2017,600553,600,Charlotte-Mecklenburg County Schools,553,Thomasboro Academy,1,1,38,35,48,51,233,220,10,7,1,0,5,3,653,17,453,99,2,73,1,8,0.026033691,1
2017,600557,600,Charlotte-Mecklenburg County Schools,557,Torrence Creek Elementary,0,1,23,30,33,24,54,31,190,166,1,0,21,10,584,356,85,57,1,53,1,31,0.609589041,0
2017,600558,600,Charlotte-Mecklenburg County Schools,558,Grand Oak Elementary,1,0,22,15,18,23,24,18,227,234,0,1,4,6,593,461,42,41,1,37,1,10,0.777403035,0
2017,600562,600,Charlotte-Mecklenburg County Schools,562,Tuckaseegee Elementary,2,3,32,39,134,126,184,193,20,15,1,1,10,4,764,35,377,260,5,71,2,14,0.045811518,1
2017,600565,600,Charlotte-Mecklenburg County Schools,565,University Park Creative Arts,1,2,4,1,26,40,156,243,4,9,0,0,1,7,494,13,399,66,3,5,0,8,0.026315789,1
2017,600566,600,Charlotte-Mecklenburg County Schools,566,University Meadows Elementary,0,1,9,13,78,86,206,187,21,18,0,0,6,20,645,39,393,164,1,22,0,26,0.060465116,1
2017,600567,600,Charlotte-Mecklenburg County Schools,567,Charlotte Engineering Early College-UNCC,2,0,10,6,24,32,67,65,35,26,0,0,10,4,281,61,132,56,2,16,0,14,0.217081851,1
2017,600571,600,Charlotte-Mecklenburg County Schools,571,Irwin Academic Center,4,1,41,45,16,11,128,112,61,62,1,0,6,3,491,123,240,27,5,86,1,9,0.250509165,1
2017,600574,600,Charlotte-Mecklenburg County Schools,574,Walter G Byers School,3,2,4,3,8,17,218,177,3,3,1,1,3,2,445,6,395,25,5,7,2,5,0.013483146,1
2017,600576,600,Charlotte-Mecklenburg County Schools,576,West Charlotte High,4,6,30,34,53,70,650,641,10,8,2,0,9,13,1530,18,1291,123,10,64,2,22,0.011764706,1
2017,600577,600,Charlotte-Mecklenburg County Schools,577,Westerly Hills Academy,3,3,16,20,47,34,197,205,10,1,0,0,8,5,549,11,402,81,6,36,0,13,0.02003643,1
2017,600579,600,Charlotte-Mecklenburg County Schools,579,West Mecklenburg High,6,6,52,35,222,184,582,538,65,54,0,2,29,29,1804,119,1120,406,12,87,2,58,0.065964523,1
2017,200324,200,Cherokee County Schools,324,Murphy Elementary,3,5,2,2,3,12,7,9,193,180,0,0,12,11,439,373,16,15,8,4,0,23,0.849658314,0
2017,200328,200,Cherokee County Schools,328,Murphy High,5,9,1,1,4,11,8,7,243,202,0,0,4,8,503,445,15,15,14,2,0,12,0.884691849,0
2017,200330,200,Cherokee County Schools,330,Murphy Middle,3,0,3,2,8,5,4,5,151,118,0,0,6,5,310,269,9,13,3,5,0,11,0.867741935,0
2017,200332,200,Cherokee County Schools,332,Peachtree Elementary,1,0,0,0,4,5,0,1,72,60,0,0,3,1,147,132,1,9,1,0,0,4,0.897959184,0
2017,200336,200,Cherokee County Schools,336,Ranger Elementary/Middle,2,0,1,0,8,2,2,0,134,121,0,0,3,4,277,255,2,10,2,1,0,7,0.920577617,0
2017,200350,200,Cherokee County Schools,350,Tri-County Early College High,2,0,0,0,1,10,0,0,59,75,0,0,0,5,152,134,0,11,2,0,0,5,0.881578947,0
2017,210304,210,Edenton-Chowan County Schools,304,Chowan Middle,1,0,0,0,12,11,101,100,107,88,0,0,7,8,435,195,201,23,1,0,0,15,0.448275862,1
2017,210306,210,Edenton-Chowan County Schools,306,D F Walker Elementary,0,0,0,1,13,26,109,113,125,128,0,0,10,11,536,253,222,39,0,1,0,21,0.472014925,1
2017,210312,210,Edenton-Chowan County Schools,312,John A Holmes High,0,1,2,4,16,13,138,145,139,136,0,0,5,11,610,275,283,29,1,6,0,16,0.450819672,1
2017,210316,210,Edenton-Chowan County Schools,316,White Oak Elementary,0,0,2,2,13,25,126,101,90,85,0,0,8,11,463,175,227,38,0,4,0,19,0.377969762,1
2017,220308,220,Clay County Schools,308,Hayesville Elementary,3,1,0,2,27,23,2,1,224,197,0,0,7,5,492,421,3,50,4,2,0,12,0.855691057,0
2017,220310,220,Clay County Schools,310,Hayesville High,0,1,0,2,12,8,3,3,184,169,0,0,4,3,389,353,6,20,1,2,0,7,0.907455013,0
2017,220312,220,Clay County Schools,312,Hayesville Middle,2,1,0,1,17,13,3,0,198,193,0,0,6,1,435,391,3,30,3,1,0,7,0.898850575,0
2017,230304,230,Cleveland County Schools,304,Bethware Elementary,0,0,1,4,8,12,30,41,130,154,1,0,26,19,426,284,71,20,0,5,1,45,0.666666667,0
2017,230308,230,Cleveland County Schools,308,Boiling Springs Elementary,0,0,0,1,12,8,28,34,189,195,1,0,16,17,501,384,62,20,0,1,1,33,0.766467066,0
2017,230312,230,Cleveland County Schools,312,Burns High,0,3,1,1,32,28,95,78,413,362,0,0,18,15,1046,775,173,60,3,2,0,33,0.740917782,0
2017,230316,230,Cleveland County Schools,316,Burns Middle,0,1,0,3,25,33,54,62,292,257,0,0,7,12,746,549,116,58,1,3,0,19,0.735924933,0
2017,230320,230,Cleveland County Schools,320,Casar Elementary,0,0,0,0,8,8,4,1,122,116,0,0,1,0,260,238,5,16,0,0,0,1,0.915384615,0
2017,230322,230,Cleveland County Schools,322,Cleveland ECHS,0,0,4,4,11,13,12,30,70,60,0,0,2,4,210,130,42,24,0,8,0,6,0.619047619,0
2017,230324,230,Cleveland County Schools,324,Crest High,0,0,0,1,26,18,149,134,446,391,0,0,26,22,1213,837,283,44,0,1,0,48,0.690024732,0
2017,230328,230,Cleveland County Schools,328,Crest Middle,0,0,2,0,30,29,112,104,336,295,0,0,27,19,954,631,216,59,0,2,0,46,0.661425577,0
2017,230330,230,Cleveland County Schools,330,Turning Point Academy,0,0,0,0,0,0,45,13,29,14,0,0,6,4,111,43,58,0,0,0,0,10,0.387387387,1
2017,230334,230,Cleveland County Schools,334,East Elementary,0,2,0,0,4,4,25,15,87,75,0,0,9,7,228,162,40,8,2,0,0,16,0.710526316,0
2017,230336,230,Cleveland County Schools,336,Shelby Intermediate,0,0,3,1,20,18,125,101,98,84,0,0,7,14,471,182,226,38,0,4,0,21,0.38641189,1
2017,230340,230,Cleveland County Schools,340,Fallston Elementary,0,0,0,1,13,10,44,44,203,195,0,0,11,9,530,398,88,23,0,1,0,20,0.750943396,0
2017,230342,230,Cleveland County Schools,342,Graham Elementary,0,0,1,1,6,7,83,94,25,15,0,0,10,12,254,40,177,13,0,2,0,22,0.157480315,1
2017,230344,230,Cleveland County Schools,344,Grover Elementary,0,0,2,2,11,2,18,19,120,127,0,0,13,13,327,247,37,13,0,4,0,26,0.755351682,0
2017,230346,230,Cleveland County Schools,346,James Love Elementary,0,0,0,1,14,10,113,106,23,27,1,0,9,7,311,50,219,24,0,1,1,16,0.160771704,1
2017,230348,230,Cleveland County Schools,348,Jefferson Elementary,0,0,2,1,11,11,97,84,80,61,0,0,7,14,368,141,181,22,0,3,0,21,0.383152174,1
2017,230350,230,Cleveland County Schools,350,Kings Mountain High,1,1,12,20,22,14,123,128,456,429,0,0,32,40,1278,885,251,36,2,32,0,72,0.692488263,0
2017,230351,230,Cleveland County Schools,351,Kings Mountain Intermediate,0,0,2,3,13,14,53,62,247,238,0,0,24,23,679,485,115,27,0,5,0,47,0.714285714,0
2017,230352,230,Cleveland County Schools,352,Kings Mountain Middle,0,0,10,1,13,13,66,55,219,206,0,0,21,19,623,425,121,26,0,11,0,40,0.682182986,0
2017,230355,230,Cleveland County Schools,355,Marion Elementary,0,0,3,2,12,12,61,66,69,69,0,0,3,6,303,138,127,24,0,5,0,9,0.455445545,1
2017,230357,230,Cleveland County Schools,357,North Elementary,0,0,0,0,9,7,49,42,94,80,0,0,8,9,298,174,91,16,0,0,0,17,0.583892617,0
2017,230359,230,Cleveland County Schools,359,North Shelby,0,0,0,0,2,2,25,13,43,19,0,0,0,2,106,62,38,4,0,0,0,2,0.58490566,0
2017,230361,230,Cleveland County Schools,361,Shelby High,0,0,2,3,24,24,210,207,182,159,0,0,17,21,849,341,417,48,0,5,0,38,0.401648999,1
2017,230362,230,Cleveland County Schools,362,Shelby Middle,0,0,3,3,15,18,118,112,86,85,0,0,11,9,460,171,230,33,0,6,0,20,0.37173913,1
2017,230364,230,Cleveland County Schools,364,Springmore Elementary,0,1,2,5,25,33,53,49,205,167,0,0,12,19,571,372,102,58,1,7,0,31,0.651488616,0
2017,230368,230,Cleveland County Schools,368,Township Three Elementary,0,1,0,0,18,29,117,119,159,129,0,0,10,25,607,288,236,47,1,0,0,35,0.47446458,1
2017,230370,230,Cleveland County Schools,370,Union Elementary,1,0,0,0,12,12,49,40,135,119,0,0,7,8,383,254,89,24,1,0,0,15,0.663185379,0
2017,230376,230,Cleveland County Schools,376,Washington Elementary,0,0,0,0,33,21,46,34,108,96,0,0,19,15,372,204,80,54,0,0,0,34,0.548387097,0
2017,230380,230,Cleveland County Schools,380,West Elementary,0,1,1,1,10,14,27,23,103,93,0,0,10,11,294,196,50,24,1,2,0,21,0.666666667,0
2017,240304,240,Columbus County Schools,304,Acme Delco Middle,3,3,0,0,11,16,24,29,34,16,0,0,0,1,137,50,53,27,6,0,0,1,0.364963504,1
2017,240308,240,Columbus County Schools,308,Acme Delco Elementary,7,6,0,0,28,32,54,47,51,56,0,0,4,8,293,107,101,60,13,0,0,12,0.365187713,1
2017,240328,240,Columbus County Schools,328,Cerro Gordo Elementary,3,5,0,0,13,14,45,42,106,102,0,0,3,3,336,208,87,27,8,0,0,6,0.619047619,0
2017,240330,240,Columbus County Schools,330,Chadbourn Middle,0,0,0,0,5,3,49,25,5,12,0,0,2,0,101,17,74,8,0,0,0,2,0.168316832,1
2017,240332,240,Columbus County Schools,332,Chadbourn Elementary,2,3,1,1,12,5,73,99,29,23,1,0,3,4,256,52,172,17,5,2,1,7,0.203125,1
2017,240334,240,Columbus County Schools,334,East Columbus High,46,51,0,0,21,13,79,74,56,73,0,0,9,9,431,129,153,34,97,0,0,18,0.299303944,1
2017,240344,240,Columbus County Schools,344,Evergreen Elementary,4,3,0,0,7,4,47,47,73,57,0,1,4,0,247,130,94,11,7,0,1,4,0.526315789,0
2017,240352,240,Columbus County Schools,352,Guideway Elementary,1,0,0,0,19,15,19,14,31,31,0,0,0,0,130,62,33,34,1,0,0,0,0.476923077,1
2017,240354,240,Columbus County Schools,354,Hallsboro-Artesia Elementary,35,45,0,0,27,25,59,57,45,33,0,0,17,12,355,78,116,52,80,0,0,29,0.21971831,1
2017,240356,240,Columbus County Schools,356,Hallsboro Middle,32,24,0,0,10,10,29,37,31,20,0,0,4,6,203,51,66,20,56,0,0,10,0.251231527,1
2017,240368,240,Columbus County Schools,368,Nakina Middle,1,0,0,0,18,25,15,21,66,47,0,0,1,1,195,113,36,43,1,0,0,2,0.579487179,0
2017,240370,240,Columbus County Schools,370,Old Dock Elementary,0,0,1,1,27,28,7,5,99,89,0,0,1,2,260,188,12,55,0,2,0,3,0.723076923,0
2017,240371,240,Columbus County Schools,371,South Columbus High,3,4,2,0,39,30,86,91,263,273,0,0,1,4,796,536,177,69,7,2,0,5,0.673366834,0
2017,240372,240,Columbus County Schools,372,Tabor City Elementary,1,0,0,0,16,17,103,88,92,75,0,0,0,0,392,167,191,33,1,0,0,0,0.426020408,1
2017,240373,240,Columbus County Schools,373,CCCA - Fair Bluff /Southeastern Campuses,2,5,0,0,13,27,28,46,84,106,0,1,2,7,321,190,74,40,7,0,1,9,0.591900312,0
2017,240376,240,Columbus County Schools,376,Tabor City Middle,0,0,0,0,6,4,42,39,46,31,0,0,0,0,168,77,81,10,0,0,0,0,0.458333333,1
2017,240380,240,Columbus County Schools,380,West Columbus High,4,4,0,0,13,8,96,114,129,97,0,0,2,11,478,226,210,21,8,0,0,13,0.472803347,1
2017,240388,240,Columbus County Schools,388,Williams Township,3,6,0,0,20,15,39,44,270,301,0,0,2,1,701,571,83,35,9,0,0,3,0.814550642,0
2017,241304,241,Whiteville City Schools,304,Central Middle,3,2,1,0,27,25,92,106,110,106,0,0,15,15,502,216,198,52,5,1,0,30,0.430278884,1
2017,241308,241,Whiteville City Schools,308,Edgewood Elementary,2,3,3,4,30,37,107,103,86,77,0,0,16,12,480,163,210,67,5,7,0,28,0.339583333,1
2017,241312,241,Whiteville City Schools,312,North Whiteville Academy,1,0,0,0,1,0,11,5,5,1,0,0,2,0,26,6,16,1,1,0,0,2,0.230769231,1
2017,241316,241,Whiteville City Schools,316,Whiteville High,5,5,0,2,21,29,138,129,178,174,0,1,21,14,717,352,267,50,10,2,1,35,0.490934449,1
2017,241320,241,Whiteville City Schools,320,Whiteville Primary,2,2,1,0,26,32,130,131,87,56,0,0,19,13,499,143,261,58,4,1,0,32,0.286573146,1
2017,250304,250,Craven County Schools,304,Albert H Bangert Elementary,0,1,21,33,14,15,61,52,110,108,1,1,7,5,429,218,113,29,1,54,2,12,0.508158508,0
2017,250306,250,Craven County Schools,306,Ben D Quinn Elementary,0,0,19,6,19,14,63,63,145,111,0,1,9,12,462,256,126,33,0,25,1,21,0.554112554,0
2017,250308,250,Craven County Schools,308,Bridgeton Elementary,0,1,1,2,21,25,26,37,143,145,2,2,7,5,417,288,63,46,1,3,4,12,0.690647482,0
2017,250312,250,Craven County Schools,312,Brinson Memorial Elementary,1,0,9,4,23,38,97,64,230,192,0,0,16,16,690,422,161,61,1,13,0,32,0.611594203,0
2017,410316,410,Guilford County Schools,316,Allen Middle,0,1,33,34,98,99,172,152,6,11,3,0,15,15,639,17,324,197,1,67,3,30,0.026604069,1
2017,410319,410,Guilford County Schools,319,T Wingate Andrews High,3,1,20,14,44,40,304,307,44,26,1,0,19,16,839,70,611,84,4,34,1,35,0.083432658,1
2017,410322,410,Guilford County Schools,322,Archer Elementary,1,0,48,32,60,59,107,82,9,2,1,0,8,8,417,11,189,119,1,80,1,16,0.026378897,1
2017,410325,410,Guilford County Schools,325,Aycock Middle,2,0,23,15,33,31,188,185,26,38,1,0,12,14,568,64,373,64,2,38,1,26,0.112676056,1
2017,410326,410,Guilford County Schools,326,Middle College High at Bennett,0,1,0,1,1,6,1,87,0,1,0,0,0,3,101,1,88,7,1,1,0,3,0.00990099,1
2017,410328,410,Guilford County Schools,328,Bessemer Elementary,1,1,3,2,63,49,168,157,13,5,0,1,10,4,477,18,325,112,2,5,1,14,0.037735849,1
2017,410331,410,Guilford County Schools,331,Bluford Elementary,1,0,1,1,18,14,120,121,1,2,0,1,1,4,285,3,241,32,1,2,1,5,0.010526316,1
2017,410334,410,Guilford County Schools,334,Brightwood Elementary,0,1,4,5,50,52,202,180,20,14,0,0,8,10,546,34,382,102,1,9,0,18,0.062271062,1
2017,410337,410,Guilford County Schools,337,Brooks Global Elementary,1,2,9,10,15,11,91,112,68,73,0,0,17,8,417,141,203,26,3,19,0,25,0.338129496,1
2017,410340,410,Guilford County Schools,340,Monticello-Brown Summit Elem,0,0,1,1,44,29,28,37,126,81,0,0,10,16,373,207,65,73,0,2,0,26,0.554959786,0
2017,410341,410,Guilford County Schools,341,Brown Summit Middle,0,1,3,4,6,4,19,21,78,99,0,0,3,5,243,177,40,10,1,7,0,8,0.728395062,0
2017,410343,410,Guilford County Schools,343,Claxton Elementary,0,3,23,22,22,18,82,69,157,154,0,0,26,17,593,311,151,40,3,45,0,43,0.524451939,0
2017,410346,410,Guilford County Schools,346,Colfax Elementary,0,0,23,22,28,45,52,53,192,167,2,0,10,11,605,359,105,73,0,45,2,21,0.59338843,0
2017,410349,410,Guilford County Schools,349,Ceasar Cone Elementary,0,0,11,12,30,25,166,165,4,5,1,3,4,4,430,9,331,55,0,23,4,8,0.020930233,1
2017,410355,410,Guilford County Schools,355,James B Dudley High,1,0,23,11,71,62,572,590,16,7,2,0,18,23,1396,23,1162,133,1,34,2,41,0.016475645,1
2017,410358,410,Guilford County Schools,358,Eastern Guilford High,6,6,35,32,95,84,301,290,166,155,0,1,29,21,1221,321,591,179,12,67,1,50,0.262899263,1
2017,410361,410,Guilford County Schools,361,Erwin Montessori,0,2,0,3,14,17,113,94,12,9,0,0,1,2,267,21,207,31,2,3,0,3,0.078651685,1
2017,410364,410,Guilford County Schools,364,Fairview Elementary,1,2,18,12,41,47,125,114,12,7,2,0,6,2,389,19,239,88,3,30,2,8,0.048843188,1
2017,410366,410,Guilford County Schools,366,Waldo C Falkener Sr Elementary,1,2,21,17,58,49,188,197,6,5,1,2,6,3,556,11,385,107,3,38,3,9,0.019784173,1
2017,410367,410,Guilford County Schools,367,Ferndale Middle,3,3,38,48,73,69,139,103,90,67,1,2,12,9,657,157,242,142,6,86,3,21,0.238964992,1
2017,410370,410,Guilford County Schools,370,Florence Elementary,1,1,45,48,41,33,108,97,128,143,0,0,23,16,684,271,205,74,2,93,0,39,0.39619883,1
2017,410373,410,Guilford County Schools,373,Julius I Foust Elementary,0,1,4,3,60,55,92,94,4,4,0,1,7,6,331,8,186,115,1,7,1,13,0.024169184,1
2017,410376,410,Guilford County Schools,376,Cyrus P Frazier Elementary,0,0,23,10,45,37,85,90,5,4,0,0,7,3,309,9,175,82,0,33,0,10,0.029126214,1
2017,410379,410,Guilford County Schools,379,Gateway Education Center,0,0,4,1,5,1,11,14,10,10,0,0,0,1,57,20,25,6,0,5,0,1,0.350877193,1
2017,410382,410,Guilford County Schools,382,Gibsonville Elementary,2,1,4,3,31,30,55,66,139,148,0,0,10,12,501,287,121,61,3,7,0,22,0.572854291,0
2017,410385,410,Guilford County Schools,385,Gillespie Park Elementary,0,0,1,0,19,16,108,80,2,5,0,0,5,5,241,7,188,35,0,1,0,10,0.029045643,1
2017,410388,410,Guilford County Schools,388,General Greene Elementary,0,0,3,6,17,19,96,59,145,124,0,0,16,12,497,269,155,36,0,9,0,28,0.541247485,0
2017,410390,410,Guilford County Schools,390,GC Middle College High,0,0,2,2,1,4,12,44,13,35,0,0,1,5,119,48,56,5,0,4,0,6,0.403361345,1
2017,410391,410,Guilford County Schools,391,Penn-Griffin Schools,0,0,7,10,45,82,90,174,49,106,0,0,9,25,597,155,264,127,0,17,0,34,0.259631491,1
2017,410394,410,Guilford County Schools,394,Grimsley High,2,2,29,37,64,58,298,307,441,373,0,1,28,36,1676,814,605,122,4,66,1,64,0.485680191,1
2017,410395,410,Guilford County Schools,395,Early College at Guilford,0,0,50,35,3,4,4,11,43,43,0,0,2,4,199,86,15,7,0,85,0,6,0.432160804,1
2017,410396,410,Guilford County Schools,396,High School Ahead Academy,0,0,0,2,9,10,30,26,7,10,0,0,0,4,98,17,56,19,0,2,0,4,0.173469388,1
2017,410397,410,Guilford County Schools,397,Guilford Middle,0,1,24,12,65,76,145,149,58,51,0,1,16,11,609,109,294,141,1,36,1,27,0.178981938,1
2017,410398,410,Guilford County Schools,398,Doris Henderson Newcomers Sch,0,0,26,27,80,69,66,41,31,16,0,0,0,0,356,47,107,149,0,53,0,0,0.132022472,1
2017,410399,410,Guilford County Schools,399,Middle College at GTCC-GSO,0,1,0,5,6,7,16,58,12,11,0,0,4,3,123,23,74,13,1,5,0,7,0.18699187,1
2017,410400,410,Guilford County Schools,400,Guilford Elementary,1,1,4,4,59,53,162,136,47,38,0,1,15,9,530,85,298,112,2,8,1,24,0.160377358,1
2017,410401,410,Guilford County Schools,401,GTCC Middle College High,0,0,5,10,12,13,29,33,47,40,0,0,6,8,203,87,62,25,0,15,0,14,0.428571429,1
2017,410402,410,Guilford County Schools,402,Otis L Hairston Sr Middle,1,2,20,16,64,56,243,238,7,5,1,0,4,5,662,12,481,120,3,36,1,9,0.018126888,1
2017,410403,410,Guilford County Schools,403,Hampton Elem Univ Partnership,0,1,10,7,21,19,121,111,3,3,0,0,0,0,296,6,232,40,1,17,0,0,0.02027027,1
2017,410406,410,Guilford County Schools,406,High Point Central High,1,6,85,75,134,131,273,283,212,211,0,0,27,27,1465,423,556,265,7,160,0,54,0.288737201,1
2017,410407,410,Guilford County Schools,407,Dorothy Dot Kearns Academy at HPC,0,0,4,5,10,25,23,33,11,13,0,0,1,6,131,24,56,35,0,9,0,7,0.183206107,1
2017,410408,410,Guilford County Schools,408,Middle College GTCC High Point,0,0,5,2,14,13,11,31,20,20,0,1,4,5,126,40,42,27,0,7,1,9,0.317460317,1
2017,410409,410,Guilford County Schools,409,Hunter Elementary,3,1,7,6,117,102,93,81,17,17,2,0,5,7,458,34,174,219,4,13,2,12,0.074235808,1
2017,410412,410,Guilford County Schools,412,Irving Park Elementary,2,3,42,28,37,37,132,128,70,83,0,0,10,15,587,153,260,74,5,70,0,25,0.260647359,1
2017,410415,410,Guilford County Schools,415,Jackson Middle,3,6,13,12,84,74,117,143,7,11,0,0,7,7,484,18,260,158,9,25,0,14,0.037190083,1
2017,410418,410,Guilford County Schools,418,Jamestown Elementary,0,1,19,15,28,23,99,99,54,51,3,0,10,12,414,105,198,51,1,34,3,22,0.253623188,1
2017,410421,410,Guilford County Schools,421,Jamestown Middle,3,2,49,48,77,65,216,207,177,146,1,1,34,30,1056,323,423,142,5,97,2,64,0.305871212,1
2017,410423,410,Guilford County Schools,423,Jefferson Elementary,0,0,17,13,57,61,138,144,91,88,2,1,17,21,650,179,282,118,0,30,3,38,0.275384615,1
2017,410424,410,Guilford County Schools,424,Jesse Wharton Elem,0,0,10,16,23,27,68,51,132,119,1,2,12,13,474,251,119,50,0,26,3,25,0.529535865,0
2017,410427,410,Guilford County Schools,427,Johnson Street Global Studies,0,0,20,14,61,46,95,127,40,31,0,0,9,5,448,71,222,107,0,34,0,14,0.158482143,1
2017,410430,410,Guilford County Schools,430,David D Jones Elementary,0,1,0,0,54,47,169,217,85,84,1,0,11,9,678,169,386,101,1,0,1,20,0.249262537,1
2017,410436,410,Guilford County Schools,436,James Y Joyner Elementary,0,0,7,9,26,23,68,71,43,26,0,0,7,5,285,69,139,49,0,16,0,12,0.242105263,1
2017,410437,410,Guilford County Schools,437,Kernodle Middle,0,1,38,33,28,24,78,58,262,209,0,0,17,31,779,471,136,52,1,71,0,48,0.604621309,0
2017,410439,410,Guilford County Schools,439,Kirkman Park Elementary,1,1,5,3,26,25,78,95,14,18,0,1,2,4,273,32,173,51,2,8,1,6,0.117216117,1
2017,410442,410,Guilford County Schools,442,Kiser Middle,2,0,10,8,35,52,165,166,182,175,0,0,15,21,831,357,331,87,2,18,0,36,0.429602888,1
2017,410448,410,Guilford County Schools,448,Lincoln Academy,0,0,45,54,22,27,154,183,94,92,0,1,18,18,708,186,337,49,0,99,1,36,0.262711864,1
2017,410451,410,Guilford County Schools,451,John Van Lindley Elementary,1,1,3,3,43,39,75,59,124,122,1,1,10,13,495,246,134,82,2,6,2,23,0.496969697,1
2017,410454,410,Guilford County Schools,454,Madison Elementary,1,0,1,0,8,17,42,47,48,40,1,1,7,7,220,88,89,25,1,1,2,14,0.4,1
2017,410457,410,Guilford County Schools,457,Herbin Metz Education Center,0,0,5,2,3,2,30,5,13,5,1,0,0,0,66,18,35,5,0,7,1,0,0.272727273,1
2017,410458,410,Guilford County Schools,458,C Joyner Greene Education Center,0,0,3,0,8,0,25,12,29,5,0,0,2,1,85,34,37,8,0,3,0,3,0.4,1
2017,410460,410,Guilford County Schools,460,Eastern Guilford Middle,2,5,23,28,80,71,211,212,123,142,0,0,21,22,940,265,423,151,7,51,0,43,0.281914894,1
2017,410461,410,Guilford County Schools,461,McLeansville Elementary,1,1,3,4,25,37,57,47,66,67,0,0,5,6,319,133,104,62,2,7,0,11,0.4169279,1
2017,410462,410,Guilford County Schools,462,Ronald E. McNair Elementary,2,0,38,24,40,34,186,157,22,20,1,0,10,8,542,42,343,74,2,62,1,18,0.077490775,1
2017,410463,410,Guilford County Schools,463,Mendenhall Middle,3,1,18,23,41,42,154,143,154,123,0,0,16,20,738,277,297,83,4,41,0,36,0.375338753,1
2017,410464,410,Guilford County Schools,464,Haynes Inman Education Center,1,0,2,2,5,6,11,12,20,13,0,0,2,1,75,33,23,11,1,4,0,3,0.44,1
2017,410466,410,Guilford County Schools,466,Millis Road Elementary,1,1,26,16,26,13,65,38,118,111,0,0,11,10,436,229,103,39,2,42,0,21,0.525229358,0
2017,600586,600,Charlotte-Mecklenburg County Schools,586,Winding Springs Elementary,0,2,4,14,196,168,194,220,24,16,2,1,14,4,859,40,414,364,2,18,3,18,0.046565774,1
2017,740379,740,Pitt County Schools,379,Ridgewood Elementary,2,1,23,12,18,17,159,176,164,122,0,0,25,13,732,286,335,35,3,35,0,38,0.390710383,1
2017,740380,740,Pitt County Schools,380,W H Robinson Elementary,2,1,3,2,13,15,143,140,109,86,0,0,21,13,548,195,283,28,3,5,0,34,0.355839416,1
2017,740386,740,Pitt County Schools,386,Sam D Bundy Elementary,1,1,4,2,23,19,93,91,82,75,0,0,14,8,413,157,184,42,2,6,0,22,0.380145278,1
2017,740388,740,Pitt County Schools,388,South Central High,1,4,13,12,33,40,482,512,252,217,1,1,31,26,1625,469,994,73,5,25,2,57,0.288615385,1
2017,740390,740,Pitt County Schools,390,South Greenville Elementary,0,0,1,1,6,7,178,205,10,1,2,0,1,3,415,11,383,13,0,2,2,4,0.026506024,1
2017,740396,740,Pitt County Schools,396,Stokes,0,0,0,1,7,17,33,27,72,66,1,0,5,11,240,138,60,24,0,1,1,16,0.575,0
2017,740400,740,Pitt County Schools,400,Wahl Coates Elementary,0,0,4,0,19,12,140,140,51,19,1,0,12,5,403,70,280,31,0,4,1,17,0.17369727,1
2017,740402,740,Pitt County Schools,402,Wellcome Middle,0,0,0,0,79,61,122,85,19,19,0,0,7,2,394,38,207,140,0,0,0,9,0.096446701,1
2017,740404,740,Pitt County Schools,404,Wintergreen Intermediate,3,0,18,24,45,33,111,120,193,197,0,1,31,19,795,390,231,78,3,42,1,50,0.490566038,1
2017,740406,740,Pitt County Schools,406,Wintergreen Primary,0,3,15,19,30,30,111,100,204,185,0,0,22,21,740,389,211,60,3,34,0,43,0.525675676,0
2017,740500,740,Pitt County Schools,500,Early College High School,0,0,1,2,17,30,11,40,15,31,0,0,2,2,151,46,51,47,0,3,0,4,0.304635762,1
2017,750304,750,Polk County Schools,304,Tryon Elementary School,0,0,0,0,26,29,14,20,136,119,0,0,12,14,370,255,34,55,0,0,0,26,0.689189189,0
2017,750314,750,Polk County Schools,314,Polk Central Elementary School,0,0,0,0,30,29,12,4,116,102,1,0,9,12,315,218,16,59,0,0,1,21,0.692063492,0
2017,750317,750,Polk County Schools,317,Polk County Early College,0,0,0,0,4,7,0,3,19,35,0,0,0,1,69,54,3,11,0,0,0,1,0.782608696,0
2017,750318,750,Polk County Schools,318,Polk County High School,3,0,0,0,36,28,24,14,272,238,0,0,16,11,642,510,38,64,3,0,0,27,0.794392523,0
2017,750319,750,Polk County Schools,319,Polk County Middle School,0,0,1,1,35,30,16,8,193,196,0,0,11,10,501,389,24,65,0,2,0,21,0.776447106,0
2017,750320,750,Polk County Schools,320,Saluda Elementary School,0,0,0,0,4,1,0,0,68,70,0,0,0,2,145,138,0,5,0,0,0,2,0.951724138,0
2017,750328,750,Polk County Schools,328,Sunny View Elementary School,0,0,0,0,10,7,0,0,44,49,0,0,1,1,112,93,0,17,0,0,0,2,0.830357143,0
2017,760304,760,Randolph County Schools,304,Archdale Elementary,1,2,23,20,32,29,9,12,131,127,0,1,5,7,399,258,21,61,3,43,1,12,0.646616541,0
2017,760308,760,Randolph County Schools,308,Braxton Craven Middle,0,1,9,4,26,25,2,4,142,128,0,0,6,5,352,270,6,51,1,13,0,11,0.767045455,0
2017,760316,760,Randolph County Schools,316,Coleridge Elementary,0,1,0,0,47,33,14,12,112,100,0,0,8,10,337,212,26,80,1,0,0,18,0.629080119,0
2017,760318,760,Randolph County Schools,318,Eastern Randolph High,2,3,1,1,116,73,39,33,248,191,0,2,17,17,743,439,72,189,5,2,2,34,0.590847914,0
2017,760320,760,Randolph County Schools,320,Farmer Elementary,0,1,0,5,16,10,1,4,149,164,0,0,8,5,363,313,5,26,1,5,0,13,0.862258953,0
2017,760324,760,Randolph County Schools,324,Franklinville Elementary,0,0,0,0,38,41,7,17,171,146,0,0,12,7,439,317,24,79,0,0,0,19,0.722095672,0
2017,760328,760,Randolph County Schools,328,Grays Chapel Elementary,1,2,0,2,24,29,6,1,211,172,0,0,9,13,470,383,7,53,3,2,0,22,0.814893617,0
2017,760329,760,Randolph County Schools,329,Hopewell Elementary,2,0,0,3,21,19,3,1,276,276,2,0,8,5,616,552,4,40,2,3,2,13,0.896103896,0
2017,760330,760,Randolph County Schools,330,John R Lawrence Elementary,1,0,6,3,12,7,3,5,199,177,1,0,3,5,422,376,8,19,1,9,1,8,0.890995261,0
2017,760331,760,Randolph County Schools,331,Level Cross Elementary,2,0,1,1,21,30,13,7,178,186,0,0,23,11,473,364,20,51,2,2,0,34,0.769556025,0
2017,760332,760,Randolph County Schools,332,Liberty Elementary,0,0,0,0,65,46,20,8,126,119,0,0,26,15,425,245,28,111,0,0,0,41,0.576470588,0
2017,760336,760,Randolph County Schools,336,New Market Elementary,1,0,1,1,34,35,6,5,188,191,0,0,11,8,481,379,11,69,1,2,0,19,0.787941788,0
2017,760338,760,Randolph County Schools,338,Northeastern Randolph Middle,0,2,0,3,36,41,12,13,236,207,0,1,21,16,588,443,25,77,2,3,1,37,0.753401361,0
2017,760339,760,Randolph County Schools,339,Providence Grove High,1,2,2,2,55,48,31,16,331,325,0,0,13,8,834,656,47,103,3,4,0,21,0.786570743,0
2017,760340,760,Randolph County Schools,340,Ramseur Elementary,0,1,0,0,73,78,30,31,88,60,0,0,11,16,388,148,61,151,1,0,0,27,0.381443299,1
2017,760344,760,Randolph County Schools,344,Randleman Elementary,1,0,3,5,126,118,13,10,178,171,0,0,22,12,659,349,23,244,1,8,0,34,0.529590288,0
2017,760348,760,Randolph County Schools,348,Randleman High,4,1,3,4,101,91,20,17,333,283,0,0,14,11,882,616,37,192,5,7,0,25,0.698412698,0
2017,760352,760,Randolph County Schools,352,Randleman Middle,2,3,3,1,121,95,19,20,311,258,0,1,11,22,867,569,39,216,5,4,1,33,0.656286044,0
2017,760354,760,Randolph County Schools,354,Randolph Early College High,1,3,5,6,26,73,1,9,93,131,1,1,3,10,363,224,10,99,4,11,2,13,0.61707989,0
2017,760356,760,Randolph County Schools,356,Seagrove Elementary,0,0,1,1,26,27,2,3,203,181,0,0,6,10,460,384,5,53,0,2,0,16,0.834782609,0
2017,760357,760,Randolph County Schools,357,Southeastern Randolph Middle,4,2,2,1,79,80,30,32,187,171,0,0,18,14,620,358,62,159,6,3,0,32,0.577419355,0
2017,760358,760,Randolph County Schools,358,Southwestern Randolph High,2,1,2,4,118,83,4,6,447,384,0,0,5,10,1066,831,10,201,3,6,0,15,0.779549719,0
2017,760359,760,Randolph County Schools,359,Southmont Elementary,0,0,2,1,107,106,12,8,178,171,0,0,20,7,612,349,20,213,0,3,0,27,0.570261438,0
2017,760360,760,Randolph County Schools,360,Southwestern Randolph Middle,0,2,3,3,66,67,1,6,186,172,0,0,10,2,518,358,7,133,2,6,0,12,0.691119691,0
2017,760364,760,Randolph County Schools,364,Tabernacle Elementary,2,1,4,0,12,26,1,1,173,169,0,0,4,3,396,342,2,38,3,4,0,7,0.863636364,0
2017,760368,760,Randolph County Schools,368,Trindale Elementary,2,1,20,11,8,9,4,4,120,96,0,0,7,9,291,216,8,17,3,31,0,16,0.742268041,0
2017,760376,760,Randolph County Schools,376,Trinity Elementary,0,0,3,4,26,22,1,3,169,167,0,0,8,9,412,336,4,48,0,7,0,17,0.815533981,0
2017,760378,760,Randolph County Schools,378,Archdale-Trinity Middle,3,2,12,13,39,33,13,11,332,303,0,0,8,6,775,635,24,72,5,25,0,14,0.819354839,0
2017,760380,760,Randolph County Schools,380,Trinity High,1,7,23,23,37,44,18,9,300,292,0,0,15,7,776,592,27,81,8,46,0,22,0.762886598,0
2017,760382,760,Randolph County Schools,382,Uwharrie Middle,2,0,1,1,11,14,0,4,148,145,0,0,6,3,335,293,4,25,2,2,0,9,0.874626866,0
2017,760388,760,Randolph County Schools,388,Wheatmore High,3,2,4,4,24,16,9,3,414,344,0,0,3,7,833,758,12,40,5,8,0,10,0.909963986,0
2017,761304,761,Asheboro City Schools,304,Asheboro High,0,2,8,12,303,297,112,93,245,239,0,0,25,34,1370,484,205,600,2,20,0,59,0.353284672,1
2017,761308,761,Asheboro City Schools,308,South Asheboro Middle,0,0,4,6,111,84,52,33,120,119,0,0,17,8,554,239,85,195,0,10,0,25,0.431407942,1
2017,761312,761,Asheboro City Schools,312,Balfour Elementary,0,0,6,5,204,169,17,28,61,51,0,0,13,7,561,112,45,373,0,11,0,20,0.199643494,1
2017,761320,761,Asheboro City Schools,320,Charles W McCrary Elementary,1,0,4,6,130,120,37,29,37,40,0,0,8,8,420,77,66,250,1,10,0,16,0.183333333,1
2017,761321,761,Asheboro City Schools,321,Donna L Loflin Elementary,0,0,0,6,79,82,28,28,54,63,0,1,13,17,371,117,56,161,0,6,1,30,0.315363881,1
2017,761328,761,Asheboro City Schools,328,Guy B Teachey Elementary,0,0,8,6,94,71,37,30,119,142,0,0,9,10,526,261,67,165,0,14,0,19,0.496197719,1
2017,761332,761,Asheboro City Schools,332,Lindley Park Elementary,0,0,2,5,58,72,36,49,95,59,0,0,13,12,401,154,85,130,0,7,0,25,0.3840399,1
2017,761336,761,Asheboro City Schools,336,North Asheboro Middle,0,1,2,1,139,130,32,32,51,45,0,0,6,10,449,96,64,269,1,3,0,16,0.213808463,1
2017,770310,770,Richmond County Schools,310,East Rockingham Elementary,9,8,0,0,53,46,85,66,162,144,0,0,9,9,591,306,151,99,17,0,0,18,0.517766497,0
2017,770312,770,Richmond County Schools,312,Cordova School,1,2,1,0,1,1,13,7,22,8,0,0,1,0,57,30,20,2,3,1,0,1,0.526315789,0
2017,770316,770,Richmond County Schools,316,Ellerbe Middle,6,1,1,0,32,35,33,38,36,43,0,0,3,5,233,79,71,67,7,1,0,8,0.339055794,1
2017,770318,770,Richmond County Schools,318,Fairview Heights Elementary,16,15,2,0,23,18,78,85,120,123,0,0,20,22,522,243,163,41,31,2,0,42,0.465517241,1
2017,770328,770,Richmond County Schools,328,Hamlet Middle,16,8,1,0,26,22,89,80,112,91,1,0,12,10,468,203,169,48,24,1,1,22,0.433760684,1
2017,770340,770,Richmond County Schools,340,L J Bell Elementary,8,2,3,3,18,18,105,118,136,116,0,0,15,14,556,252,223,36,10,6,0,29,0.45323741,1
2017,770342,770,Richmond County Schools,342,Ashley Chapel Educational Center,2,1,0,0,2,1,29,19,12,4,0,0,2,3,75,16,48,3,3,0,0,5,0.213333333,1
2017,770344,770,Richmond County Schools,344,Mineral Springs Elementary,5,6,0,2,53,79,59,56,75,99,1,0,14,10,459,174,115,132,11,2,1,24,0.379084967,1
2017,250314,250,Craven County Schools,314,Craven Early College High,0,0,1,11,8,12,16,30,67,61,0,0,4,6,216,128,46,20,0,12,0,10,0.592592593,0
2017,250316,250,Craven County Schools,316,Creekside Elementary,1,0,6,12,32,28,19,22,208,189,1,1,16,6,541,397,41,60,1,18,2,22,0.733826248,0
2017,250320,250,Craven County Schools,320,Vanceboro-Farm Life Elementary,0,0,0,0,22,25,112,107,158,164,0,0,12,11,611,322,219,47,0,0,0,23,0.52700491,0
2017,250321,250,Craven County Schools,321,Early College EAST High,2,0,2,4,11,9,9,22,75,61,0,1,5,2,203,136,31,20,2,6,1,7,0.669950739,0
2017,250324,250,Craven County Schools,324,Grover C Fields Middle,2,1,17,12,17,27,61,56,174,165,0,0,14,10,556,339,117,44,3,29,0,24,0.60971223,0
2017,250328,250,Craven County Schools,328,Graham A Barden Elementary,1,1,2,0,24,31,26,22,90,77,1,0,12,25,312,167,48,55,2,2,1,37,0.53525641,0
2017,250332,250,Craven County Schools,332,H J MacDonald Middle,0,1,42,32,23,29,169,152,164,132,1,0,18,25,788,296,321,52,1,74,1,43,0.375634518,1
2017,250336,250,Craven County Schools,336,Havelock Elementary,1,1,3,1,27,19,51,55,73,81,1,1,10,14,338,154,106,46,2,4,2,24,0.455621302,1
2017,250340,250,Craven County Schools,340,Havelock High,2,2,14,18,50,58,175,136,288,266,3,3,36,34,1085,554,311,108,4,32,6,70,0.510599078,0
2017,250344,250,Craven County Schools,344,Havelock Middle,0,0,4,4,24,21,83,65,74,70,1,1,24,23,394,144,148,45,0,8,2,47,0.365482234,1
2017,250348,250,Craven County Schools,348,J T Barber Elementary,0,0,22,21,15,6,124,122,11,10,0,0,3,3,337,21,246,21,0,43,0,6,0.06231454,1
2017,250350,250,Craven County Schools,350,James W Smith Elementary,1,0,2,1,18,26,82,81,110,76,0,0,22,18,437,186,163,44,1,3,0,40,0.425629291,1
2017,250356,250,Craven County Schools,356,New Bern High,1,0,62,65,54,61,262,272,422,458,4,0,25,30,1716,880,534,115,1,127,4,55,0.512820513,0
2017,250360,250,Craven County Schools,360,Oaks Road Elementary,0,2,11,18,46,41,90,84,57,44,0,0,12,16,421,101,174,87,2,29,0,28,0.239904988,1
2017,250362,250,Craven County Schools,362,Roger R Bell Elementary,0,0,1,4,19,21,98,69,81,64,2,1,12,13,385,145,167,40,0,5,3,25,0.376623377,1
2017,250364,250,Craven County Schools,364,Trent Park Elementary,0,0,66,42,23,21,65,70,65,59,0,0,16,18,445,124,135,44,0,108,0,34,0.278651685,1
2017,250368,250,Craven County Schools,368,Tucker Creek Middle,0,1,6,7,32,27,42,29,142,156,2,0,25,21,490,298,71,59,1,13,2,46,0.608163265,0
2017,250372,250,Craven County Schools,372,West Craven High,1,5,5,2,47,43,147,142,287,270,0,0,8,17,974,557,289,90,6,7,0,25,0.571868583,0
2017,250376,250,Craven County Schools,376,West Craven Middle,2,0,8,2,49,55,105,119,230,186,0,0,17,19,792,416,224,104,2,10,0,36,0.525252525,0
2017,250378,250,Craven County Schools,378,W Jesse Gurganus Elementary,0,0,6,1,27,30,29,31,93,108,2,1,21,16,365,201,60,57,0,7,3,37,0.550684932,0
2017,250380,250,Craven County Schools,380,Arthur W Edwards Elementary,0,0,5,7,47,42,31,33,217,195,3,1,21,27,629,412,64,89,0,12,4,48,0.655007949,0
2017,260302,260,Cumberland County Schools,302,Alma O Easom Elementary,0,1,4,6,13,19,34,43,69,74,0,0,10,13,286,143,77,32,1,10,0,23,0.5,0
2017,260306,260,Cumberland County Schools,306,Armstrong Elementary,5,6,3,3,24,22,49,60,100,84,2,3,23,25,409,184,109,46,11,6,5,48,0.449877751,1
2017,260308,260,Cumberland County Schools,308,Ashley Elementary,2,1,3,4,8,10,59,50,38,33,0,0,5,7,220,71,109,18,3,7,0,12,0.322727273,1
2017,260310,260,Cumberland County Schools,310,Loyd E Auman Elementary,1,1,3,11,26,36,168,145,44,28,4,1,24,11,503,72,313,62,2,14,5,35,0.143141153,1
2017,260312,260,Cumberland County Schools,312,Beaver Dam Elementary,1,2,0,0,4,4,2,3,34,41,0,0,0,1,92,75,5,8,3,0,0,1,0.815217391,0
2017,260316,260,Cumberland County Schools,316,Lillian Black Elementary,2,2,1,0,18,23,61,70,14,15,0,0,8,9,223,29,131,41,4,1,0,17,0.130044843,1
2017,260318,260,Cumberland County Schools,318,Jack Britt High,18,11,44,41,111,146,319,274,419,375,7,5,68,82,1920,794,593,257,29,85,12,150,0.413541667,1
2017,260320,260,Cumberland County Schools,320,Brentwood Elementary,2,1,1,0,35,34,203,173,28,39,0,0,14,15,545,67,376,69,3,1,0,29,0.12293578,1
2017,260321,260,Cumberland County Schools,321,Douglas Byrd Middle,10,7,1,3,52,54,202,165,71,48,2,3,24,29,671,119,367,106,17,4,5,53,0.177347243,1
2017,260322,260,Cumberland County Schools,322,Douglas Byrd High,13,15,11,4,95,71,350,275,131,118,2,6,43,53,1187,249,625,166,28,15,8,96,0.209772536,1
2017,260325,260,Cumberland County Schools,325,Cape Fear High,24,24,5,8,65,53,205,192,424,413,1,3,41,46,1504,837,397,118,48,13,4,87,0.556515957,0
2017,260326,260,Cumberland County Schools,326,Elizabeth M Cashwell Elementary,13,8,4,2,37,43,182,180,74,56,2,1,27,13,642,130,362,80,21,6,3,40,0.202492212,1
2017,260332,260,Cumberland County Schools,332,Eastover-Central Elementary,2,3,1,2,15,21,43,37,132,116,0,0,17,16,405,248,80,36,5,3,0,33,0.612345679,0
2017,260336,260,Cumberland County Schools,336,Anne Chesnutt Middle,0,2,2,1,39,26,102,102,15,21,1,1,22,10,344,36,204,65,2,3,2,32,0.104651163,1
2017,260338,260,Cumberland County Schools,338,Cliffdale Elementary,1,3,5,3,50,34,228,198,42,36,6,1,25,20,652,78,426,84,4,8,7,45,0.119631902,1
2017,260340,260,Cumberland County Schools,340,College Lakes Elementary,3,1,3,3,26,22,138,137,55,37,2,0,28,11,466,92,275,48,4,6,2,39,0.197424893,1
2017,260342,260,Cumberland County Schools,342,C Wayne Collier Elementary,11,7,5,2,36,45,85,66,93,89,3,0,22,38,502,182,151,81,18,7,3,60,0.362549801,1
2017,260344,260,Cumberland County Schools,344,J W Coon Elementary,2,2,1,1,18,17,48,47,33,33,0,0,12,9,223,66,95,35,4,2,0,21,0.295964126,1
2017,260347,260,Cumberland County Schools,347,Cumberland International Early CollegeHS,0,1,3,4,14,27,40,106,17,32,0,0,6,11,261,49,146,41,1,7,0,17,0.187739464,1
2017,260348,260,Cumberland County Schools,348,Cumberland Mills Elementary,11,8,1,1,58,55,157,138,69,62,2,0,26,45,633,131,295,113,19,2,2,71,0.206951027,1
2017,260352,260,Cumberland County Schools,352,Cumberland Road Elementary,9,9,0,0,29,24,82,100,36,36,0,0,19,18,362,72,182,53,18,0,0,37,0.198895028,1
2017,260354,260,Cumberland County Schools,354,Cross Creek Early College,0,2,5,7,19,24,40,87,18,23,2,2,14,18,261,41,127,43,2,12,4,32,0.157088123,1
2017,260356,260,Cumberland County Schools,356,District No 7 Elementary,1,2,1,1,22,17,16,14,87,63,0,0,9,12,245,150,30,39,3,2,0,21,0.612244898,0
2017,260357,260,Cumberland County Schools,357,Grays Creek High,32,18,6,5,81,83,208,161,401,350,2,0,52,52,1451,751,369,164,50,11,2,104,0.517574087,0
2017,260358,260,Cumberland County Schools,358,Luther Nick Jeralds Middle,1,6,0,1,13,17,207,178,23,20,1,2,20,19,508,43,385,30,7,1,3,39,0.084645669,1
2017,260359,260,Cumberland County Schools,359,E E Smith High,3,3,5,0,51,44,353,333,55,48,1,5,23,27,951,103,686,95,6,5,6,50,0.108307045,1
2017,260361,260,Cumberland County Schools,361,Ferguson-Easley Elementary,2,0,0,0,3,8,128,126,6,1,0,0,9,10,293,7,254,11,2,0,0,19,0.023890785,1
2017,260362,260,Cumberland County Schools,362,Grays Creek Middle,21,11,3,9,68,67,120,141,293,260,0,1,36,39,1069,553,261,135,32,12,1,75,0.517305893,0
2017,260363,260,Cumberland County Schools,363,Glendale Acres Elementary,3,3,1,4,13,10,61,56,43,39,0,1,16,14,264,82,117,23,6,5,1,30,0.310606061,1
2017,260364,260,Cumberland County Schools,364,Alderman Road Elementary,9,7,2,2,47,44,95,83,158,145,0,0,27,47,666,303,178,91,16,4,0,74,0.454954955,1
2017,260365,260,Cumberland County Schools,365,R Max Abbott Middle,4,5,11,9,51,43,177,176,140,114,1,0,28,21,780,254,353,94,9,20,1,49,0.325641026,1
2017,260366,260,Cumberland County Schools,366,Howard L Hall Elementary,3,2,14,12,62,56,131,112,118,129,2,0,21,20,682,247,243,118,5,26,2,41,0.362170088,1
2017,260367,260,Cumberland County Schools,367,Bill Hefner Elementary,3,5,6,4,67,71,230,196,71,72,2,4,40,42,813,143,426,138,8,10,6,82,0.175891759,1
2017,260368,260,Cumberland County Schools,368,Hope Mills Middle,9,16,3,5,41,37,89,77,121,114,2,0,28,29,571,235,166,78,25,8,2,57,0.411558669,1
2017,260369,260,Cumberland County Schools,369,John R Griffin Middle,9,4,23,20,84,63,129,121,212,206,1,1,42,43,958,418,250,147,13,43,2,85,0.436325678,1
2017,260370,260,Cumberland County Schools,370,Ed V Baldwin Elementary,8,5,4,4,42,34,167,158,116,111,6,1,20,32,708,227,325,76,13,8,7,52,0.320621469,1
2017,260371,260,Cumberland County Schools,371,Ireland Drive Middle,7,1,1,0,24,31,92,70,37,24,0,1,17,8,313,61,162,55,8,1,1,25,0.194888179,1
2017,260372,260,Cumberland County Schools,372,Lewis Chapel Middle,0,2,2,3,36,25,242,197,27,14,0,1,15,16,580,41,439,61,2,5,1,31,0.070689655,1
2017,260373,260,Cumberland County Schools,373,Gallberry Farm Elementary,23,14,8,7,60,58,144,110,216,219,4,2,40,37,942,435,254,118,37,15,6,77,0.461783439,1
2017,260374,260,Cumberland County Schools,374,Alger B. Wilkins High School,0,2,0,0,4,0,26,38,2,2,0,0,3,3,80,4,64,4,2,0,0,6,0.05,1
2017,260375,260,Cumberland County Schools,375,Grays Creek Elementary,16,7,1,2,21,19,42,41,132,101,1,1,25,11,420,233,83,40,23,3,2,36,0.554761905,0
2017,260380,260,Cumberland County Schools,380,Long Hill Elementary,4,0,5,4,28,22,54,50,126,110,1,1,14,21,440,236,104,50,4,9,2,35,0.536363636,0
2017,260382,260,Cumberland County Schools,382,Lucile Souders Elementary,0,2,1,2,20,15,161,158,26,22,1,4,20,19,451,48,319,35,2,3,5,39,0.106430155,1
2017,260383,260,Cumberland County Schools,383,Mac Williams Middle,25,23,9,4,50,56,136,136,290,265,1,2,43,49,1089,555,272,106,48,13,3,92,0.509641873,0
2017,410469,410,Guilford County Schools,469,Montlieu Academy of Technology,1,1,19,12,49,48,259,231,32,20,0,1,10,5,688,52,490,97,2,31,1,15,0.075581395,1
2017,410472,410,Guilford County Schools,472,Morehead Elementary,1,1,4,4,44,55,142,171,97,106,0,2,14,11,652,203,313,99,2,8,2,25,0.311349693,1
2017,410478,410,Guilford County Schools,478,Murphey Traditional Academy,2,0,8,9,39,43,94,84,6,4,1,0,6,3,299,10,178,82,2,17,1,9,0.033444816,1
2017,410481,410,Guilford County Schools,481,Nathanael Greene Elementary,0,0,0,0,7,10,3,3,120,101,1,0,7,2,254,221,6,17,0,0,1,9,0.87007874,0
2017,410483,410,Guilford County Schools,483,Middle College High @ NC A&T,1,0,0,0,4,0,112,1,1,0,0,0,4,0,123,1,113,4,1,0,0,4,0.008130081,1
2017,410484,410,Guilford County Schools,484,Northeast Guilford High,8,6,3,3,75,69,294,275,145,108,1,0,31,26,1044,253,569,144,14,6,1,57,0.242337165,1
2017,410486,410,Guilford County Schools,486,Northern Guilford Elementary,1,1,4,2,20,19,30,21,249,214,0,0,19,10,590,463,51,39,2,6,0,29,0.784745763,0
2017,410487,410,Guilford County Schools,487,Northeast Guilford Middle,2,0,7,3,76,61,210,174,93,88,0,0,17,17,748,181,384,137,2,10,0,34,0.24197861,1
2017,410488,410,Guilford County Schools,488,Northern Guilford Middle,1,0,8,8,42,32,94,73,263,291,0,0,25,15,852,554,167,74,1,16,0,40,0.650234742,0
2017,410489,410,Guilford County Schools,489,Northern Guilford High,3,3,12,8,48,43,126,112,502,475,0,0,24,28,1384,977,238,91,6,20,0,52,0.705924855,0
2017,410490,410,Guilford County Schools,490,Northwest Guilford High,3,1,44,59,67,55,89,62,876,786,1,0,33,25,2101,1662,151,122,4,103,1,58,0.79105188,0
2017,410491,410,Guilford County Schools,491,EP Pearce Elementary,0,1,31,24,27,40,32,38,261,239,0,1,16,19,729,500,70,67,1,55,1,35,0.685871056,0
2017,410493,410,Guilford County Schools,493,Northwest Guilford Middle,1,2,32,26,32,32,31,24,447,386,2,0,14,22,1051,833,55,64,3,58,2,36,0.792578497,0
2017,410496,410,Guilford County Schools,496,Northwood Elementary,2,0,25,38,86,79,117,119,37,38,1,0,10,9,561,75,236,165,2,63,1,19,0.13368984,1
2017,410499,410,Guilford County Schools,499,Oak Hill Elementary,0,0,28,22,108,103,79,63,29,23,1,0,4,6,466,52,142,211,0,50,1,10,0.111587983,1
2017,410502,410,Guilford County Schools,502,Oak Ridge Elementary,0,0,43,34,18,25,12,10,308,242,0,0,15,20,727,550,22,43,0,77,0,35,0.7565337,0
2017,410505,410,Guilford County Schools,505,Oak View Elementary,4,4,17,21,59,51,109,107,56,47,1,0,13,8,497,103,216,110,8,38,1,21,0.207243461,1
2017,410508,410,Guilford County Schools,508,Page High,5,2,81,64,88,88,398,410,405,385,0,0,36,41,2003,790,808,176,7,145,0,77,0.394408387,1
2017,410511,410,Guilford County Schools,511,Parkview Village Elementary,0,1,10,4,21,30,123,130,8,9,0,0,2,5,343,17,253,51,1,14,0,7,0.049562682,1
2017,410514,410,Guilford County Schools,514,Clara J Peck Elementary,2,1,12,9,43,52,66,63,18,11,2,1,6,4,290,29,129,95,3,21,3,10,0.1,1
2017,410517,410,Guilford County Schools,517,Peeler Open Elementary,0,0,0,0,20,21,106,125,19,16,0,0,4,9,320,35,231,41,0,0,0,13,0.109375,1
2017,410522,410,Guilford County Schools,522,Pilot Elementary,0,0,39,29,40,51,112,125,110,113,1,0,17,20,657,223,237,91,0,68,1,37,0.339421613,1
2017,410523,410,Guilford County Schools,523,Pleasant Garden Elementary,2,3,2,6,16,15,36,21,163,170,2,1,11,7,455,333,57,31,5,8,3,18,0.731868132,0
2017,410529,410,Guilford County Schools,529,Lucy Ragsdale High,2,4,77,78,88,95,283,287,269,248,0,1,38,37,1507,517,570,183,6,155,1,75,0.343065693,1
2017,410530,410,Guilford County Schools,530,Reedy Fork Elementary,1,1,9,7,67,58,87,89,25,31,0,0,8,12,395,56,176,125,2,16,0,20,0.141772152,1
2017,410532,410,Guilford County Schools,532,Rankin Elementary,0,0,49,49,98,94,186,165,20,16,0,0,10,8,695,36,351,192,0,98,0,18,0.051798561,1
2017,410533,410,Guilford County Schools,533,SCALE School,0,0,0,0,0,0,13,1,1,0,0,0,0,0,15,1,14,0,0,0,0,0,0.066666667,1
2017,410534,410,Guilford County Schools,534,Pruette SCALE Academy,0,0,1,0,0,0,6,0,0,0,0,0,0,0,7,0,6,0,0,1,0,0,0,1
2017,410535,410,Guilford County Schools,535,Sedalia Elementary,1,0,4,4,24,24,87,69,79,101,0,0,18,16,427,180,156,48,1,8,0,34,0.421545667,1
2017,410538,410,Guilford County Schools,538,Sedgefield Elementary,1,0,27,23,121,114,73,76,13,5,3,1,3,6,466,18,149,235,1,50,4,9,0.038626609,1
2017,410541,410,Guilford County Schools,541,Shadybrook Elementary,0,0,14,14,36,33,69,67,92,71,0,1,14,9,420,163,136,69,0,28,1,23,0.388095238,1
2017,410542,410,Guilford County Schools,542,George C Simkins Jr Elementary,2,1,6,5,53,43,133,144,30,27,0,1,5,15,465,57,277,96,3,11,1,20,0.122580645,1
2017,410544,410,Guilford County Schools,544,Ben L. Smith High School,3,3,54,41,175,190,359,364,23,23,1,4,19,24,1283,46,723,365,6,95,5,43,0.035853468,1
2017,410545,410,Guilford County Schools,545,The Academy at Smith,0,1,18,21,19,19,64,49,1,5,0,0,2,6,205,6,113,38,1,39,0,8,0.029268293,1
2017,410547,410,Guilford County Schools,547,Southeast Guilford High,13,6,10,11,42,28,204,176,409,398,0,0,28,23,1348,807,380,70,19,21,0,51,0.598664688,0
2017,410550,410,Guilford County Schools,550,Southeast Guilford Middle,3,9,9,5,42,46,137,118,295,253,0,0,19,27,963,548,255,88,12,14,0,46,0.569055036,0
2017,410553,410,Guilford County Schools,553,Southern Elementary,1,2,3,1,49,39,4,12,79,99,0,0,5,13,307,178,16,88,3,4,0,18,0.57980456,0
2017,410556,410,Guilford County Schools,556,Southern Guilford High,2,2,52,43,154,106,228,192,122,125,0,0,18,22,1066,247,420,260,4,95,0,40,0.231707317,1
2017,410559,410,Guilford County Schools,559,Southwest  Elementary,0,1,71,71,39,40,74,75,231,206,1,0,17,20,846,437,149,79,1,142,1,37,0.516548463,0
2017,410562,410,Guilford County Schools,562,Southwest Guilford High,3,3,83,82,65,80,295,271,355,307,1,1,25,26,1597,662,566,145,6,165,2,51,0.414527239,1
2017,410565,410,Guilford County Schools,565,Southwest Guilford Middle,2,2,51,50,45,52,213,160,240,233,0,0,23,28,1099,473,373,97,4,101,0,51,0.430391265,1
2017,410568,410,Guilford County Schools,568,Sternberger Elementary,0,0,3,9,8,9,24,27,168,132,0,0,3,7,390,300,51,17,0,12,0,10,0.769230769,0
2017,410569,410,Guilford County Schools,569,STEM Early College @ NC A&T SU,0,0,21,22,5,8,35,41,29,8,0,0,6,4,179,37,76,13,0,43,0,10,0.206703911,1
2017,410571,410,Guilford County Schools,571,Stokesdale Elementary,1,2,6,6,20,25,12,12,229,176,0,0,6,5,500,405,24,45,3,12,0,11,0.81,0
2017,410574,410,Guilford County Schools,574,Summerfield Elementary,0,3,24,23,36,48,24,22,227,212,0,0,12,7,638,439,46,84,3,47,0,19,0.688087774,0
2017,410577,410,Guilford County Schools,577,Sumner Elementary,1,0,2,2,107,119,155,151,31,21,0,3,9,14,615,52,306,226,1,4,3,23,0.084552846,1
2017,410578,410,Guilford County Schools,578,Triangle Lake Montessori Elem,2,2,20,16,22,32,142,132,49,39,2,3,9,2,472,88,274,54,4,36,5,11,0.186440678,1
2017,410579,410,Guilford County Schools,579,UNCG Early/Middle College,0,1,7,14,10,17,33,54,27,29,0,0,4,5,201,56,87,27,1,21,0,9,0.278606965,1
2017,410580,410,Guilford County Schools,580,Union Hill Elementary,0,1,31,32,49,38,143,154,18,12,0,1,11,11,501,30,297,87,1,63,1,22,0.05988024,1
2017,410583,410,Guilford County Schools,583,Vandalia Elementary,0,1,5,1,14,15,86,92,5,8,0,1,7,5,240,13,178,29,1,6,1,12,0.054166667,1
2017,410586,410,Guilford County Schools,586,Washington Elementary,5,0,2,0,10,6,146,145,5,6,0,1,1,6,333,11,291,16,5,2,1,7,0.033033033,1
2017,410589,410,Guilford County Schools,589,Philip J Weaver Ed Center,0,1,2,6,4,17,9,42,46,113,0,2,3,13,258,159,51,21,1,8,2,16,0.61627907,0
2017,410592,410,Guilford County Schools,592,Welborn Middle,1,1,8,12,45,34,162,115,21,9,0,0,6,8,422,30,277,79,2,20,0,14,0.071090047,1
2017,410595,410,Guilford County Schools,595,Western Guilford High,1,4,25,20,110,96,254,279,206,208,0,1,30,36,1270,414,533,206,5,45,1,66,0.325984252,1
2017,410598,410,Guilford County Schools,598,Wiley Accel/Enrichment,0,0,0,0,23,14,142,108,3,3,0,0,7,2,302,6,250,37,0,0,0,9,0.01986755,1
2017,420304,420,Halifax County Schools,304,Aurelian Springs Elementary,4,0,0,0,3,5,120,112,17,18,0,0,3,2,284,35,232,8,4,0,0,5,0.123239437,1
2017,420316,420,Halifax County Schools,316,Scotland Neck Elementary School,0,0,1,1,13,8,116,89,2,1,1,1,0,0,233,3,205,21,0,2,2,0,0.012875536,1
2017,420324,420,Halifax County Schools,324,Enfield Middle,1,0,0,1,6,12,94,106,2,0,0,1,0,0,223,2,200,18,1,1,1,0,0.00896861,1
2017,420328,420,Halifax County Schools,328,Everetts Elementary,1,2,0,0,6,9,86,89,12,11,0,0,8,5,229,23,175,15,3,0,0,13,0.100436681,1
2017,420336,420,Halifax County Schools,336,Hollister Elementary,55,40,0,0,0,1,38,33,1,0,1,0,0,1,170,1,71,1,95,0,1,1,0.005882353,1
2017,420340,420,Halifax County Schools,340,Inborden Elementary,0,1,0,0,3,1,146,119,1,0,2,2,1,1,277,1,265,4,1,0,4,2,0.003610108,1
2017,420346,420,Halifax County Schools,346,Northwest Halifax High,18,12,0,0,1,7,206,180,13,5,1,0,2,2,447,18,386,8,30,0,1,4,0.040268456,1
2017,420348,420,Halifax County Schools,348,Pittman Elementary,3,0,0,0,2,0,76,64,0,1,2,0,0,0,148,1,140,2,3,0,2,0,0.006756757,1
2017,420358,420,Halifax County Schools,358,Southeast Halifax High,0,0,2,0,7,10,139,141,1,1,0,0,0,1,302,2,280,17,0,2,0,1,0.006622517,1
2017,420376,420,Halifax County Schools,376,William R Davie Middle,16,15,1,0,2,6,124,106,6,6,1,0,3,2,288,12,230,8,31,1,1,5,0.041666667,1
2017,421304,421,Roanoke Rapids City Schools,304,Belmont Elementary School,1,1,8,2,36,38,128,97,188,152,0,0,9,15,675,340,225,74,2,10,0,24,0.503703704,0
2017,600587,600,Charlotte-Mecklenburg County Schools,587,Windsor Park Elementary,2,2,43,36,207,200,114,103,17,26,0,2,4,6,762,43,217,407,4,79,2,10,0.056430446,1
2017,600588,600,Charlotte-Mecklenburg County Schools,588,Winget Park Elementary,1,0,14,10,57,37,83,69,90,82,1,3,4,3,454,172,152,94,1,24,4,7,0.378854626,1
2017,600589,600,Charlotte-Mecklenburg County Schools,589,Winterfield Elementary,0,2,48,47,190,185,98,84,7,7,1,0,6,4,679,14,182,375,2,95,1,10,0.020618557,1
2017,600590,600,Charlotte-Mecklenburg County Schools,590,River Gate Elementary,2,4,25,29,97,84,141,149,130,111,2,3,6,11,794,241,290,181,6,54,5,17,0.303526448,1
2017,600592,600,Charlotte-Mecklenburg County Schools,592,Vance High,8,3,24,25,250,245,546,479,26,26,0,1,28,13,1674,52,1025,495,11,49,1,41,0.031063321,1
2017,600693,600,Charlotte-Mecklenburg County Schools,693,Olympic High - Renaissance School,0,2,14,22,80,99,87,150,50,87,1,0,9,9,610,137,237,179,2,36,1,18,0.224590164,1
2017,600694,600,Charlotte-Mecklenburg County Schools,694,Olympic High-Math Eng Tech Science,3,0,42,9,95,42,141,68,138,71,0,1,14,9,633,209,209,137,3,51,1,23,0.330173776,1
2017,600695,600,Charlotte-Mecklenburg County Schools,695,Olympic TEAM High School,1,1,15,3,78,19,131,40,41,6,0,0,5,2,342,47,171,97,2,18,0,7,0.137426901,1
2017,600696,600,Charlotte-Mecklenburg County Schools,696,Olympic High-Leadership and Development,2,0,5,6,46,65,102,125,18,15,0,0,5,6,395,33,227,111,2,11,0,11,0.083544304,1
2017,600697,600,Charlotte-Mecklenburg County Schools,697,Olympic High - Biotech Health Pub Admin,1,1,22,30,57,78,100,204,30,41,0,1,4,8,577,71,304,135,2,52,1,12,0.12305026,1
2017,610302,610,Mitchell County Schools,302,Bowman Middle,0,0,0,0,2,1,1,0,114,89,0,0,0,0,207,203,1,3,0,0,0,0,0.980676329,0
2017,610310,610,Mitchell County Schools,310,Deyton Elementary,0,0,1,1,27,14,0,0,116,99,0,0,1,2,261,215,0,41,0,2,0,3,0.823754789,0
2017,610320,610,Mitchell County Schools,320,Gouge Elementary,0,0,0,1,4,3,1,0,131,112,0,0,2,4,258,243,1,7,0,1,0,6,0.941860465,0
2017,610322,610,Mitchell County Schools,322,Greenlee Primary,0,0,2,1,19,17,0,1,101,83,0,0,2,1,227,184,1,36,0,3,0,3,0.810572687,0
2017,610326,610,Mitchell County Schools,326,Harris Middle,0,0,2,2,12,15,0,0,110,102,0,1,2,2,248,212,0,27,0,4,1,4,0.85483871,0
2017,610332,610,Mitchell County Schools,332,Mayland Early College,0,0,0,1,7,16,1,0,34,59,0,0,0,3,121,93,1,23,0,1,0,3,0.768595041,0
2017,610334,610,Mitchell County Schools,334,Mitchell High,1,1,1,2,26,13,1,0,252,224,0,0,0,5,526,476,1,39,2,3,0,5,0.904942966,0
2017,620310,620,Montgomery County Schools,310,Montgomery Learning Academy,0,0,1,0,6,4,6,4,5,6,0,0,1,0,33,11,10,10,0,1,0,1,0.333333333,1
2017,620312,620,Montgomery County Schools,312,Candor Elementary,0,0,0,0,121,104,38,35,22,34,0,0,7,3,364,56,73,225,0,0,0,10,0.153846154,1
2017,620314,620,Montgomery County Schools,314,East Middle,0,0,0,0,136,128,27,29,51,66,0,0,7,2,446,117,56,264,0,0,0,9,0.262331839,1
2017,620316,620,Montgomery County Schools,316,East Montgomery High,1,0,0,1,179,155,66,44,99,107,0,0,6,6,664,206,110,334,1,1,0,12,0.310240964,1
2017,620318,620,Montgomery County Schools,318,Green Ridge Elementary,0,0,0,0,111,100,20,22,51,50,0,1,12,7,374,101,42,211,0,0,1,19,0.270053476,1
2017,620324,620,Montgomery County Schools,324,Mount Gilead Elementary,0,0,7,7,5,5,58,50,64,45,1,2,11,3,258,109,108,10,0,14,3,14,0.42248062,1
2017,620330,620,Montgomery County Schools,330,Page Street Elementary,0,0,4,0,22,15,29,21,91,83,0,0,4,6,275,174,50,37,0,4,0,10,0.632727273,0
2017,620334,620,Montgomery County Schools,334,Star Elementary,0,0,1,1,49,40,18,11,82,91,0,0,7,8,308,173,29,89,0,2,0,15,0.561688312,0
2017,620336,620,Montgomery County Schools,336,Troy Elementary,1,0,1,2,21,16,23,25,71,77,1,0,5,3,246,148,48,37,1,3,1,8,0.601626016,0
2017,620339,620,Montgomery County Schools,339,West Middle,0,0,8,11,21,20,41,54,115,110,0,0,10,6,396,225,95,41,0,19,0,16,0.568181818,0
2017,620340,620,Montgomery County Schools,340,West Montgomery High,3,0,8,12,28,28,90,76,169,130,0,1,5,8,558,299,166,56,3,20,1,13,0.535842294,0
2017,630304,630,Moore County Schools,304,Aberdeen Primary,2,4,2,1,28,25,66,55,51,35,0,0,16,15,300,86,121,53,6,3,0,31,0.286666667,1
2017,630308,630,Moore County Schools,308,Aberdeen Elementary,7,4,6,0,31,29,61,60,40,37,1,0,16,18,310,77,121,60,11,6,1,34,0.248387097,1
2017,630312,630,Moore County Schools,312,Cameron Elementary,4,2,0,0,11,17,12,14,89,95,0,0,6,2,252,184,26,28,6,0,0,8,0.73015873,0
2017,630316,630,Moore County Schools,316,Carthage Elementary,10,3,0,0,13,14,32,21,131,113,0,0,10,14,361,244,53,27,13,0,0,24,0.675900277,0
2017,630317,630,Moore County Schools,317,Crain's Creek Middle,9,4,2,0,23,27,30,17,126,130,0,0,9,8,385,256,47,50,13,2,0,17,0.664935065,0
2017,630320,630,Moore County Schools,320,Elise Middle,0,0,0,0,64,59,4,8,44,24,0,0,4,0,207,68,12,123,0,0,0,4,0.328502415,1
2017,630324,630,Moore County Schools,324,Sandhills Farm Life Elementary,3,3,4,5,13,11,28,22,310,266,0,0,16,7,688,576,50,24,6,9,0,23,0.837209302,0
2017,630328,630,Moore County Schools,328,Highfalls Elementary,0,0,0,0,6,8,2,5,119,119,0,0,4,0,263,238,7,14,0,0,0,4,0.904942966,0
2017,630330,630,Moore County Schools,330,The Community Learning Center @ Pinckney,2,0,0,0,2,3,16,6,11,12,0,0,1,1,54,23,22,5,2,0,0,2,0.425925926,1
2017,630331,630,Moore County Schools,331,New Century Middle,1,5,3,5,27,20,34,27,222,225,0,0,22,12,603,447,61,47,6,8,0,34,0.741293532,0
2017,630332,630,Moore County Schools,332,North Moore High,1,0,0,0,72,82,20,17,187,185,0,0,7,7,578,372,37,154,1,0,0,14,0.643598616,0
2017,630336,630,Moore County Schools,336,Pinecrest High,14,13,19,21,104,81,250,251,700,657,1,4,33,30,2178,1357,501,185,27,40,5,63,0.623048669,0
2017,630342,630,Moore County Schools,342,Pinehurst Elementary,0,0,6,5,19,21,22,28,190,214,0,0,15,10,530,404,50,40,0,11,0,25,0.762264151,0
2017,630348,630,Moore County Schools,348,Robbins Elementary,1,0,0,0,123,129,10,10,94,74,0,0,3,3,447,168,20,252,1,0,0,6,0.375838926,1
2017,630350,630,Moore County Schools,350,Southern Middle,10,10,8,7,46,39,121,126,142,126,0,1,11,17,664,268,247,85,20,15,1,28,0.403614458,1
2017,630352,630,Moore County Schools,352,Southern Pines Primary,5,2,1,2,12,15,62,85,80,62,0,0,8,7,341,142,147,27,7,3,0,15,0.416422287,1
2017,630356,630,Moore County Schools,356,Southern Pines Elementary,1,0,1,3,15,14,83,74,80,85,0,0,6,3,365,165,157,29,1,4,0,9,0.452054795,1
2017,630360,630,Moore County Schools,360,Union Pines High,5,9,3,4,57,50,85,69,530,484,0,0,25,28,1349,1014,154,107,14,7,0,53,0.751667902,0
2017,630364,630,Moore County Schools,364,Vass-Lakeview Elementary,6,4,1,2,53,57,34,26,194,235,0,0,21,8,641,429,60,110,10,3,0,29,0.669266771,0
2017,630368,630,Moore County Schools,368,West End Elementary,1,1,3,5,38,26,29,19,173,164,0,0,2,8,469,337,48,64,2,8,0,10,0.718550107,0
2017,630373,630,Moore County Schools,373,West Pine Elementary,2,4,5,3,29,25,30,46,208,215,1,1,13,12,594,423,76,54,6,8,2,25,0.712121212,0
2017,630374,630,Moore County Schools,374,West Pine Middle,5,1,4,7,34,32,51,32,335,296,1,0,8,11,817,631,83,66,6,11,1,19,0.772337821,0
2017,630376,630,Moore County Schools,376,Westmoore Elementary,0,0,2,1,26,9,5,4,144,115,0,0,2,3,311,259,9,35,0,3,0,5,0.832797428,0
2017,640302,640,Nash-Rocky Mount Schools,302,Fairview Elementary,0,0,0,0,2,0,199,169,2,3,0,1,1,2,379,5,368,2,0,0,1,3,0.013192612,1
2017,640304,640,Nash-Rocky Mount Schools,304,Bailey Elementary,0,0,1,1,149,149,54,47,109,96,0,0,13,10,629,205,101,298,0,2,0,23,0.325914149,1
2017,640306,640,Nash-Rocky Mount Schools,306,Baskerville Elementary,0,0,0,0,6,4,181,143,5,3,0,0,2,3,347,8,324,10,0,0,0,5,0.023054755,1
2017,640308,640,Nash-Rocky Mount Schools,308,Benvenue Elementary,4,2,13,12,40,29,229,212,34,33,1,1,9,11,630,67,441,69,6,25,2,20,0.106349206,1
2017,640316,640,Nash-Rocky Mount Schools,316,Cedar Grove Elementary,0,3,0,0,13,2,44,41,35,34,0,0,7,2,181,69,85,15,3,0,0,9,0.38121547,1
2017,640320,640,Nash-Rocky Mount Schools,320,Nash Central Middle,0,2,3,4,25,16,137,130,146,136,0,1,10,9,619,282,267,41,2,7,1,19,0.455573506,1
2017,640324,640,Nash-Rocky Mount Schools,324,Coopers Elementary,0,1,3,1,41,38,66,79,209,192,0,0,10,5,645,401,145,79,1,4,0,15,0.621705426,0
2017,640326,640,Nash-Rocky Mount Schools,326,D S Johnson Elementary,0,0,0,1,0,3,155,140,2,4,0,0,1,1,307,6,295,3,0,1,0,2,0.019543974,1
2017,640328,640,Nash-Rocky Mount Schools,328,Englewood Elementary,1,2,3,2,23,19,145,138,87,67,0,1,8,9,505,154,283,42,3,5,1,17,0.304950495,1
2017,640329,640,Nash-Rocky Mount Schools,329,G R Edwards Middle,0,0,1,3,17,19,149,131,51,38,0,0,5,10,424,89,280,36,0,4,0,15,0.20990566,1
2017,640332,640,Nash-Rocky Mount Schools,332,M B Hubbard Elementary,1,2,6,4,33,27,176,151,44,20,0,1,6,8,479,64,327,60,3,10,1,14,0.133611691,1
2017,640334,640,Nash-Rocky Mount Schools,334,J W Parker Middle,0,0,0,0,3,1,121,125,3,4,0,0,1,0,258,7,246,4,0,0,0,1,0.027131783,1
2017,640335,640,Nash-Rocky Mount Schools,335,Rocky Mount Middle,1,0,0,3,6,4,149,172,17,17,0,0,12,7,388,34,321,10,1,3,0,19,0.087628866,1
2017,640336,640,Nash-Rocky Mount Schools,336,Middlesex Elementary,0,0,0,0,66,70,37,25,73,61,0,0,6,6,344,134,62,136,0,0,0,12,0.389534884,1
2017,640340,640,Nash-Rocky Mount Schools,340,Tar River Academy,0,0,0,0,6,3,32,25,4,1,0,0,3,2,76,5,57,9,0,0,0,5,0.065789474,1
2017,640346,640,Nash-Rocky Mount Schools,346,Nash Central High,1,4,3,1,34,26,299,272,201,175,1,0,16,14,1047,376,571,60,5,4,1,30,0.359121299,1
2017,640347,640,Nash-Rocky Mount Schools,347,NRM Early College High School,3,2,6,5,8,22,22,55,63,76,0,0,6,6,274,139,77,30,5,11,0,12,0.50729927,0
2017,260386,260,Cumberland County Schools,386,Margaret Willis Elementary,3,1,4,1,18,16,114,103,24,16,1,0,17,14,332,40,217,34,4,5,1,31,0.120481928,1
2017,260388,260,Cumberland County Schools,388,Massey Hill Classical High,0,1,5,7,21,21,26,52,70,89,0,3,10,15,320,159,78,42,1,12,3,25,0.496875,1
2017,260396,260,Cumberland County Schools,396,Mary McArthur Elementary,3,3,1,1,27,29,110,94,70,60,0,1,16,19,434,130,204,56,6,2,1,35,0.299539171,1
2017,260397,260,Cumberland County Schools,397,E Melvin Honeycutt Elementary,1,4,18,24,79,86,102,99,180,188,0,3,33,49,866,368,201,165,5,42,3,82,0.424942263,1
2017,260398,260,Cumberland County Schools,398,E E Miller Elementary,1,0,2,5,71,74,143,108,35,31,2,0,15,28,515,66,251,145,1,7,2,43,0.12815534,1
2017,260400,260,Cumberland County Schools,400,Montclair Elementary,2,3,7,4,37,33,124,93,34,47,1,1,12,28,426,81,217,70,5,11,2,40,0.190140845,1
2017,260401,260,Cumberland County Schools,401,Morganton Road Elementary,1,2,9,9,47,25,162,118,36,44,1,2,34,24,514,80,280,72,3,18,3,58,0.155642023,1
2017,260402,260,Cumberland County Schools,402,Manchester Elementary,1,1,3,0,24,32,106,97,23,30,0,0,19,19,355,53,203,56,2,3,0,38,0.149295775,1
2017,260403,260,Cumberland County Schools,403,New Century International Elementary,1,2,8,10,59,42,159,155,131,137,2,0,28,33,767,268,314,101,3,18,2,61,0.349413299,1
2017,260404,260,Cumberland County Schools,404,William H Owen Elementary,3,3,2,1,32,36,127,140,24,25,0,2,15,20,430,49,267,68,6,3,2,35,0.113953488,1
2017,260405,260,Cumberland County Schools,405,Walker Spivey Elementary,1,2,0,0,5,6,119,114,1,3,1,0,5,4,261,4,233,11,3,0,1,9,0.01532567,1
2017,260406,260,Cumberland County Schools,406,Pine Forest Middle,1,2,7,7,52,57,117,131,160,163,3,1,33,27,761,323,248,109,3,14,4,60,0.424441524,1
2017,260407,260,Cumberland County Schools,407,Lake Rim Elementary,6,1,6,6,77,61,178,163,59,64,2,2,24,26,675,123,341,138,7,12,4,50,0.182222222,1
2017,260408,260,Cumberland County Schools,408,Pine Forest High,4,7,13,17,87,103,366,352,252,244,3,4,62,48,1562,496,718,190,11,30,7,110,0.317541613,1
2017,260410,260,Cumberland County Schools,410,Ponderosa Elementary,5,0,2,4,27,25,97,90,21,17,2,2,13,7,312,38,187,52,5,6,4,20,0.121794872,1
2017,260411,260,Cumberland County Schools,411,Reid Ross Classical High,0,0,2,0,15,10,97,129,20,15,0,0,9,9,306,35,226,25,0,2,0,18,0.114379085,1
2017,260412,260,Cumberland County Schools,412,Raleigh Road Elementary,1,0,2,2,12,20,23,27,50,73,2,1,12,10,235,123,50,32,1,4,3,22,0.523404255,0
2017,260413,260,Cumberland County Schools,413,Howard Learning Academy,0,1,0,0,1,0,3,2,1,0,0,0,1,0,9,1,5,1,1,0,0,1,0.111111111,1
2017,260414,260,Cumberland County Schools,414,Benjamin J Martin Elementary,2,3,4,3,36,51,179,157,45,33,2,2,40,26,583,78,336,87,5,7,4,66,0.133790738,1
2017,260415,260,Cumberland County Schools,415,Rockfish Elementary,5,10,5,3,58,55,87,89,149,142,0,2,38,38,681,291,176,113,15,8,2,76,0.427312775,1
2017,260416,260,Cumberland County Schools,416,J W Seabrook Elementary,10,9,0,1,15,7,39,40,62,55,0,1,6,5,250,117,79,22,19,1,1,11,0.468,1
2017,260417,260,Cumberland County Schools,417,New Century International Middle,1,1,6,3,34,34,77,85,65,65,1,1,14,19,406,130,162,68,2,9,2,33,0.320197044,1
2017,260418,260,Cumberland County Schools,418,Seventy-First Classical Middle,0,1,13,20,32,30,83,134,56,56,1,0,17,24,467,112,217,62,1,33,1,41,0.239828694,1
2017,260419,260,Cumberland County Schools,419,Reid Ross Classical Middle,0,0,2,5,16,18,102,148,16,22,1,3,13,5,351,38,250,34,0,7,4,18,0.108262108,1
2017,260424,260,Cumberland County Schools,424,Seventy-First High,11,2,10,5,94,97,539,505,79,51,5,6,56,50,1510,130,1044,191,13,15,11,106,0.086092715,1
2017,260425,260,Cumberland County Schools,425,South View Middle,8,11,2,6,50,41,167,179,82,71,0,1,26,25,669,153,346,91,19,8,1,51,0.228699552,1
2017,260426,260,Cumberland County Schools,426,Sherwood Park Elementary,2,4,3,1,33,33,81,75,42,41,2,2,23,19,361,83,156,66,6,4,4,42,0.229916898,1
2017,260427,260,Cumberland County Schools,427,South View High,23,21,10,5,120,104,414,391,262,288,4,4,78,76,1800,550,805,224,44,15,8,154,0.305555556,1
2017,260428,260,Cumberland County Schools,428,Spring Lake Middle,1,5,1,2,36,28,141,142,34,29,1,3,18,14,455,63,283,64,6,3,4,32,0.138461538,1
2017,260430,260,Cumberland County Schools,430,Stedman Elementary,3,5,0,0,14,6,31,27,114,106,0,0,14,10,330,220,58,20,8,0,0,24,0.666666667,0
2017,260432,260,Cumberland County Schools,432,Stedman Primary,1,1,0,0,6,10,7,4,58,41,0,0,12,11,151,99,11,16,2,0,0,23,0.655629139,0
2017,260434,260,Cumberland County Schools,434,Stoney Point Elementary,8,9,33,43,75,58,82,63,238,205,1,0,37,47,899,443,145,133,17,76,1,84,0.492769744,1
2017,260440,260,Cumberland County Schools,440,Sunnyside Elementary,9,4,2,0,17,11,110,125,41,29,2,2,14,16,382,70,235,28,13,2,4,30,0.183246073,1
2017,260444,260,Cumberland County Schools,444,Teresa C Berrien Elementary,0,1,0,0,3,9,96,103,5,4,0,1,1,7,230,9,199,12,1,0,1,8,0.039130435,1
2017,260446,260,Cumberland County Schools,446,Terry Sanford High,7,6,30,23,54,67,300,255,239,227,4,0,43,44,1299,466,555,121,13,53,4,87,0.35873749,1
2017,260448,260,Cumberland County Schools,448,Vanstory Hills Elementary,3,2,19,8,23,16,64,75,131,143,1,2,27,18,532,274,139,39,5,27,3,45,0.515037594,0
2017,260449,260,Cumberland County Schools,449,Ramsey Street High,0,0,0,0,3,0,10,4,3,1,0,0,1,0,22,4,14,3,0,0,0,1,0.181818182,1
2017,260450,260,Cumberland County Schools,450,Warrenwood Elementary,7,1,1,0,20,22,127,144,26,20,0,0,12,15,395,46,271,42,8,1,0,27,0.116455696,1
2017,260452,260,Cumberland County Schools,452,Westarea Elementary,4,1,5,3,40,25,194,199,21,11,1,0,16,15,535,32,393,65,5,8,1,31,0.059813084,1
2017,260454,260,Cumberland County Schools,454,Westover Middle,1,4,1,7,57,42,285,198,45,39,4,5,28,23,739,84,483,99,5,8,9,51,0.113667118,1
2017,260455,260,Cumberland County Schools,455,Westover High,7,5,7,5,77,62,389,399,89,62,2,10,35,43,1192,151,788,139,12,12,12,78,0.126677852,1
2017,260459,260,Cumberland County Schools,459,William T Brown Elementary,3,3,2,3,37,41,120,113,39,26,0,2,14,20,423,65,233,78,6,5,2,34,0.153664303,1
2017,260700,260,Cumberland County Schools,700,Cumberland Polytechnic,1,1,1,2,5,19,22,55,13,37,0,0,2,11,169,50,77,24,2,3,0,13,0.295857988,1
2017,270304,270,Currituck County Schools,304,Central Elementary,0,0,0,1,8,11,8,8,68,56,0,0,4,7,171,124,16,19,0,1,0,11,0.725146199,0
2017,270306,270,Currituck County Schools,306,Currituck County High,1,0,1,3,17,19,40,26,436,391,0,1,41,42,1018,827,66,36,1,4,1,83,0.81237721,0
2017,270308,270,Currituck County Schools,308,Currituck County Middle,0,0,0,1,15,17,14,7,140,136,0,0,17,19,366,276,21,32,0,1,0,36,0.754098361,0
2017,270309,270,Currituck County Schools,309,Jarvisburg Elementary,0,0,2,0,16,8,9,8,107,85,0,0,13,13,261,192,17,24,0,2,0,26,0.735632184,0
2017,270310,270,Currituck County Schools,310,Shawboro Elementary School,0,0,1,3,13,9,16,15,212,219,0,0,26,20,534,431,31,22,0,4,0,46,0.807116105,0
2017,270311,270,Currituck County Schools,311,The JP Knapp ECH (i)School,1,1,0,2,3,13,1,6,94,142,0,1,13,17,294,236,7,16,2,2,1,30,0.802721088,0
2017,270312,270,Currituck County Schools,312,Knotts Island Elementary,0,0,0,0,1,1,0,0,31,35,0,0,2,2,72,66,0,2,0,0,0,4,0.916666667,0
2017,270316,270,Currituck County Schools,316,Moyock Elementary,1,0,2,1,10,8,7,16,212,206,1,0,15,21,500,418,23,18,1,3,1,36,0.836,0
2017,270318,270,Currituck County Schools,318,Moyock Middle,0,1,0,1,10,14,11,11,214,251,0,1,17,17,548,465,22,24,1,1,1,34,0.848540146,0
2017,270320,270,Currituck County Schools,320,W T Griggs Elementary,0,0,2,0,10,10,2,2,115,96,0,0,6,8,251,211,4,20,0,2,0,14,0.84063745,0
2017,280302,280,Dare County Schools,302,Cape Hatteras Elementary School,0,0,1,0,25,36,0,0,103,115,0,0,3,7,290,218,0,61,0,1,0,10,0.751724138,0
2017,280304,280,Dare County Schools,304,Cape Hatteras Secondary School,0,0,2,2,31,13,0,2,137,144,0,0,3,6,340,281,2,44,0,4,0,9,0.826470588,0
2017,280306,280,Dare County Schools,306,Dare County Alternative School,0,0,0,0,3,4,0,0,14,6,0,0,1,0,28,20,0,7,0,0,0,1,0.714285714,0
2017,280308,280,Dare County Schools,308,Kitty Hawk Elementary School,0,0,4,4,12,11,2,1,215,198,1,3,4,7,462,413,3,23,0,8,4,11,0.893939394,0
2017,280310,280,Dare County Schools,310,Nags Head Elementary School,0,0,2,3,60,60,1,1,187,188,0,0,20,14,536,375,2,120,0,5,0,34,0.699626866,0
2017,280312,280,Dare County Schools,312,Manteo Elementary School,0,0,0,1,92,86,17,19,192,185,0,0,21,23,636,377,36,178,0,1,0,44,0.592767296,0
2017,280316,280,Dare County Schools,316,Manteo High School,2,0,1,4,43,45,21,14,181,174,0,0,8,11,504,355,35,88,2,5,0,19,0.704365079,0
2017,280320,280,Dare County Schools,320,Manteo Middle School,0,0,1,2,40,42,13,20,156,155,0,0,4,4,437,311,33,82,0,3,0,8,0.711670481,0
2017,280324,280,Dare County Schools,324,First Flight Elementary School,0,0,1,0,18,14,1,0,150,142,0,0,7,9,342,292,1,32,0,1,0,16,0.85380117,0
2017,280328,280,Dare County Schools,328,First Flight Middle School,1,1,6,0,27,31,0,1,310,255,0,0,12,7,651,565,1,58,2,6,0,19,0.867895545,0
2017,280330,280,Dare County Schools,330,First Flight High School,2,3,4,7,34,35,0,1,326,326,1,0,13,11,763,652,1,69,5,11,1,24,0.854521625,0
2017,290302,290,Davidson County Schools,302,Brier Creek Elementary,1,0,0,0,11,17,0,0,141,121,0,0,4,2,297,262,0,28,1,0,0,6,0.882154882,0
2017,421306,421,Roanoke Rapids City Schools,306,Chaloner Middle School,2,0,7,5,19,19,76,75,228,171,1,0,10,10,623,399,151,38,2,12,1,20,0.640449438,0
2017,421316,421,Roanoke Rapids City Schools,316,Roanoke Rapids High School,1,1,9,7,19,25,139,122,313,327,0,1,13,10,987,640,261,44,2,16,1,23,0.648429585,0
2017,421328,421,Roanoke Rapids City Schools,328,Manning Elementary School,1,0,12,5,26,23,80,92,191,186,1,0,5,10,632,377,172,49,1,17,1,15,0.596518987,0
2017,422310,422,Weldon City Schools,310,Roanoke Valley Early College,1,4,0,0,0,1,41,92,1,11,0,0,1,5,157,12,133,1,5,0,0,6,0.076433121,1
2017,422314,422,Weldon City Schools,314,Weldon Elementary Global Academy,0,0,0,0,0,4,164,137,1,5,0,0,2,1,314,6,301,4,0,0,0,3,0.01910828,1
2017,422315,422,Weldon City Schools,315,Weldon STEM High School Career Academies,0,0,0,0,0,0,96,88,1,3,0,0,4,1,193,4,184,0,0,0,0,5,0.020725389,1
2017,422318,422,Weldon City Schools,318,Weldon Middle,0,0,0,0,1,0,99,84,3,2,0,0,1,1,191,5,183,1,0,0,0,2,0.02617801,1
2017,430304,430,Harnett County Schools,304,Anderson Creek Primary,6,3,6,0,35,37,81,61,170,140,0,0,18,19,576,310,142,72,9,6,0,37,0.538194444,0
2017,430308,430,Harnett County Schools,308,Angier Elementary,1,1,0,0,117,94,30,30,77,69,0,0,6,5,430,146,60,211,2,0,0,11,0.339534884,1
2017,430312,430,Harnett County Schools,312,Benhaven Elementary,2,0,0,2,67,63,46,34,159,137,0,0,12,12,534,296,80,130,2,2,0,24,0.554307116,0
2017,430316,430,Harnett County Schools,316,Boone Trail Elementary,5,7,6,9,123,123,100,102,245,223,3,0,34,28,1008,468,202,246,12,15,3,62,0.464285714,1
2017,430320,430,Harnett County Schools,320,Buies Creek Elementary,1,0,1,1,17,16,27,27,111,93,0,0,7,7,308,204,54,33,1,2,0,14,0.662337662,0
2017,430328,430,Harnett County Schools,328,Coats Elementary,7,5,1,0,120,108,41,55,174,198,0,0,13,18,740,372,96,228,12,1,0,31,0.502702703,0
2017,430330,430,Harnett County Schools,330,Coats-Erwin Middle,2,3,0,1,81,64,55,54,168,165,0,0,21,19,633,333,109,145,5,1,0,40,0.526066351,0
2017,430332,430,Harnett County Schools,332,Dunn Middle,1,3,3,3,23,32,106,67,52,48,0,0,10,12,360,100,173,55,4,6,0,22,0.277777778,1
2017,430336,430,Harnett County Schools,336,Erwin Elementary,1,2,1,0,28,32,40,30,64,73,0,0,12,6,289,137,70,60,3,1,0,18,0.474048443,1
2017,430340,430,Harnett County Schools,340,Gentry Primary,0,0,1,1,24,33,38,37,63,59,0,0,8,8,272,122,75,57,0,2,0,16,0.448529412,1
2017,430344,430,Harnett County Schools,344,Harnett Primary,6,5,3,5,54,46,152,128,75,71,0,0,13,24,582,146,280,100,11,8,0,37,0.250859107,1
2017,430345,430,Harnett County Schools,345,STAR Academy,1,0,1,0,5,1,18,11,10,3,0,0,2,0,52,13,29,6,1,1,0,2,0.25,1
2017,430346,430,Harnett County Schools,346,Harnett Central High,3,6,2,6,160,181,162,158,407,366,1,1,26,32,1511,773,320,341,9,8,2,58,0.511581734,0
2017,430347,430,Harnett County Schools,347,Harnett Central Middle,4,4,7,3,150,151,116,117,321,302,0,1,14,15,1205,623,233,301,8,10,1,29,0.517012448,0
2017,430348,430,Harnett County Schools,348,Johnsonville Elementary,2,1,0,0,63,59,84,78,119,118,2,1,28,26,581,237,162,122,3,0,3,54,0.407917384,1
2017,430349,430,Harnett County Schools,349,Highland Elementary,5,1,7,2,73,82,109,89,317,241,0,3,34,46,1009,558,198,155,6,9,3,80,0.553022795,0
2017,430351,430,Harnett County Schools,351,Highland Middle,3,3,5,3,71,80,114,85,211,212,0,0,39,28,854,423,199,151,6,8,0,67,0.495316159,1
2017,430352,430,Harnett County Schools,352,LaFayette Elementary,1,1,2,1,52,54,36,23,248,222,0,0,6,16,662,470,59,106,2,3,0,22,0.709969789,0
2017,430358,430,Harnett County Schools,358,Lillington-Shawtown Elementary,4,4,1,4,34,29,99,111,183,140,2,0,18,24,653,323,210,63,8,5,2,42,0.494640123,1
2017,430368,430,Harnett County Schools,368,North Harnett Primary,0,0,1,1,105,88,32,25,75,71,0,0,8,10,416,146,57,193,0,2,0,18,0.350961538,1
2017,430369,430,Harnett County Schools,369,Overhills Elementary,6,4,4,3,94,78,146,121,190,209,6,5,38,38,942,399,267,172,10,7,11,76,0.423566879,1
2017,430370,430,Harnett County Schools,370,Overhills Middle,3,4,4,4,55,64,140,141,157,127,2,5,44,36,786,284,281,119,7,8,7,80,0.361323155,1
2017,430371,430,Harnett County Schools,371,Overhills High,13,10,6,5,167,125,335,320,355,368,10,7,69,63,1853,723,655,292,23,11,17,132,0.39017809,1
2017,430376,430,Harnett County Schools,376,South Harnett Elementary,3,5,1,1,43,42,65,82,132,120,2,0,25,18,539,252,147,85,8,2,2,43,0.467532468,1
2017,430378,430,Harnett County Schools,378,Triton High,8,12,7,4,125,113,201,202,323,295,0,1,35,30,1356,618,403,238,20,11,1,65,0.455752212,1
2017,430380,430,Harnett County Schools,380,Wayne Avenue Elem,2,2,0,1,22,21,62,55,43,44,0,0,11,12,275,87,117,43,4,1,0,23,0.316363636,1
2017,430384,430,Harnett County Schools,384,Western Harnett High,6,6,4,7,133,115,163,138,420,394,2,3,47,39,1477,814,301,248,12,11,5,86,0.551117129,0
2017,430386,430,Harnett County Schools,386,Western Harnett Middle,6,2,1,2,71,80,57,47,201,200,2,0,20,23,712,401,104,151,8,3,2,43,0.563202247,0
2017,440314,440,Haywood County Schools,314,Bethel Elementary,1,3,3,2,19,22,1,0,234,210,0,0,2,2,499,444,1,41,4,5,0,4,0.889779559,0
2017,440318,440,Haywood County Schools,318,Bethel Middle,0,0,1,0,7,6,0,1,126,108,0,0,2,0,251,234,1,13,0,1,0,2,0.932270916,0
2017,440320,440,Haywood County Schools,320,Canton Middle,2,0,1,4,23,26,5,1,248,215,0,0,7,13,545,463,6,49,2,5,0,20,0.849541284,0
2017,440326,440,Haywood County Schools,326,Central Haywood High,0,1,0,0,3,1,2,1,62,44,0,0,2,1,117,106,3,4,1,0,0,3,0.905982906,0
2017,440328,440,Haywood County Schools,328,Clyde Elementary,2,1,2,2,34,25,2,5,215,193,0,0,11,5,497,408,7,59,3,4,0,16,0.820925553,0
2017,440332,440,Haywood County Schools,332,Riverbend Elementary,0,1,0,0,6,6,0,2,116,79,0,0,0,0,210,195,2,12,1,0,0,0,0.928571429,0
2017,440346,440,Haywood County Schools,346,Haywood Early College,3,1,0,1,2,10,0,0,57,105,0,1,1,2,183,162,0,12,4,1,1,3,0.885245902,0
2017,440348,440,Haywood County Schools,348,Hazelwood Elementary,5,2,0,3,31,35,1,9,244,242,1,1,5,7,586,486,10,66,7,3,2,12,0.829351536,0
2017,440349,440,Haywood County Schools,349,Jonathan Valley Elementary,0,2,2,1,11,11,2,0,165,157,0,1,0,1,353,322,2,22,2,3,1,1,0.912181303,0
2017,440350,440,Haywood County Schools,350,Junaluska Elementary,1,4,3,3,24,22,7,4,175,168,0,0,9,4,424,343,11,46,5,6,0,13,0.808962264,0
2017,440364,440,Haywood County Schools,364,Meadowbrook Elementary,0,0,0,1,14,20,4,5,104,106,0,0,8,3,265,210,9,34,0,1,0,11,0.79245283,0
2017,440368,440,Haywood County Schools,368,North Canton Elementary,0,0,0,0,14,18,3,1,166,147,0,1,12,3,365,313,4,32,0,0,1,15,0.857534247,0
2017,440378,440,Haywood County Schools,378,Pisgah High,1,0,4,2,23,32,4,4,500,417,0,0,16,13,1016,917,8,55,1,6,0,29,0.902559055,0
2017,440390,440,Haywood County Schools,390,Tuscola High,12,8,2,4,43,33,9,7,502,420,1,0,12,12,1065,922,16,76,20,6,1,24,0.8657277,0
2017,440396,440,Haywood County Schools,396,Waynesville Middle,5,1,1,4,41,37,3,2,355,337,0,0,5,4,795,692,5,78,6,5,0,9,0.870440252,0
2017,450301,450,Henderson County Schools,301,Apple Valley Middle,0,1,8,3,143,129,16,11,288,233,1,1,18,20,872,521,27,272,1,11,2,38,0.597477064,0
2017,450302,450,Henderson County Schools,302,Atkinson Elementary,0,0,4,4,15,16,4,1,148,140,1,0,4,4,341,288,5,31,0,8,1,8,0.84457478,0
2017,450306,450,Henderson County Schools,306,Bruce Drysdale Elementary,2,0,1,4,88,56,46,29,122,82,2,2,18,16,468,204,75,144,2,5,4,34,0.435897436,1
2017,450307,450,Henderson County Schools,307,Clear Creek Elementary,0,0,1,7,95,73,11,13,135,159,6,4,10,17,531,294,24,168,0,8,10,27,0.553672316,0
2017,450308,450,Henderson County Schools,308,Dana Elementary,1,0,0,0,134,134,0,2,132,123,10,7,2,6,551,255,2,268,1,0,17,8,0.462794918,1
2017,450316,450,Henderson County Schools,316,East Henderson High,0,1,2,5,134,120,12,8,314,305,2,0,10,16,929,619,20,254,1,7,2,26,0.666307858,0
2017,450322,450,Henderson County Schools,322,Edneyville Elementary,0,1,3,0,84,75,6,5,120,130,0,0,3,10,437,250,11,159,1,3,0,13,0.57208238,0
2017,450324,450,Henderson County Schools,324,Etowah Elementary,0,1,3,1,33,27,3,3,138,158,2,1,5,11,386,296,6,60,1,4,3,16,0.766839378,0
2017,450328,450,Henderson County Schools,328,Flat Rock Middle,2,1,1,1,131,110,7,12,246,205,1,6,16,18,757,451,19,241,3,2,7,34,0.595772787,0
2017,450332,450,Henderson County Schools,332,Fletcher Elementary,0,0,8,6,41,30,14,10,168,161,0,0,10,12,460,329,24,71,0,14,0,22,0.715217391,0
2017,450333,450,Henderson County Schools,333,Hendersonville Elementary,1,1,2,1,12,9,16,14,175,174,0,0,13,7,425,349,30,21,2,3,0,20,0.821176471,0
2017,450334,450,Henderson County Schools,334,Hendersonville High,0,0,2,1,47,56,31,41,283,290,1,1,23,20,796,573,72,103,0,3,2,43,0.719849246,0
2017,450335,450,Henderson County Schools,335,Hendersonville Middle,0,0,3,2,53,48,28,27,205,187,2,0,19,18,592,392,55,101,0,5,2,37,0.662162162,0
2017,450336,450,Henderson County Schools,336,Hillandale Elementary,1,0,3,4,120,98,9,7,163,157,3,1,14,9,589,320,16,218,1,7,4,23,0.543293718,0
2017,450339,450,Henderson County Schools,339,Glenn C Marlow Elementary,0,0,7,12,27,27,12,11,208,224,0,0,10,13,551,432,23,54,0,19,0,23,0.784029038,0
2017,450340,450,Henderson County Schools,340,Mills River Elementary,1,0,3,2,27,36,6,4,252,195,4,0,12,8,550,447,10,63,1,5,4,20,0.812727273,0
2017,450341,450,Henderson County Schools,341,North Henderson High,3,1,4,8,151,128,30,13,362,359,2,1,25,12,1099,721,43,279,4,12,3,37,0.656050955,0
2017,450342,450,Henderson County Schools,342,Rugby Middle,0,0,6,8,46,61,10,7,386,332,1,4,15,10,886,718,17,107,0,14,5,25,0.810383747,0
2017,640348,640,Nash-Rocky Mount Schools,348,Nashville Elementary,4,2,3,1,9,19,172,149,196,155,1,0,15,17,743,351,321,28,6,4,1,32,0.472409152,1
2017,640350,640,Nash-Rocky Mount Schools,350,Northern Nash High,5,6,5,6,39,29,284,238,267,219,0,0,13,24,1135,486,522,68,11,11,0,37,0.428193833,1
2017,640358,640,Nash-Rocky Mount Schools,358,Red Oak Middle,5,11,5,10,31,21,190,184,169,152,0,0,17,17,812,321,374,52,16,15,0,34,0.395320197,1
2017,640360,640,Nash-Rocky Mount Schools,360,Red Oak Elementary,3,3,1,0,12,9,39,43,63,75,0,0,1,4,253,138,82,21,6,1,0,5,0.545454545,0
2017,640361,640,Nash-Rocky Mount Schools,361,Rocky Mount High,2,0,10,5,29,21,456,482,110,107,2,0,16,19,1259,217,938,50,2,15,2,35,0.172359015,1
2017,640362,640,Nash-Rocky Mount Schools,362,Southern Nash Middle,0,0,0,1,132,124,64,95,157,164,0,0,12,11,760,321,159,256,0,1,0,23,0.422368421,1
2017,640364,640,Nash-Rocky Mount Schools,364,Southern Nash High,0,1,1,0,148,151,138,120,270,233,0,0,15,15,1092,503,258,299,1,1,0,30,0.460622711,1
2017,640376,640,Nash-Rocky Mount Schools,376,Spring Hope Elementary,0,1,1,1,60,31,90,71,107,93,1,1,4,8,469,200,161,91,1,2,2,12,0.426439232,1
2017,640384,640,Nash-Rocky Mount Schools,384,Swift Creek Elementary,5,0,1,0,12,12,45,39,56,69,0,0,3,2,244,125,84,24,5,1,0,5,0.512295082,0
2017,640396,640,Nash-Rocky Mount Schools,396,Williford Elementary,0,0,0,0,7,4,193,220,7,4,0,0,2,3,440,11,413,11,0,0,0,5,0.025,1
2017,640400,640,Nash-Rocky Mount Schools,400,Winstead Avenue Elementary,0,1,2,0,21,25,172,160,68,41,0,0,8,10,508,109,332,46,1,2,0,18,0.214566929,1
2017,650304,650,New Hanover County Schools,304,Bradley Creek Elementary,0,1,0,2,98,95,12,12,110,94,1,0,5,2,432,204,24,193,1,2,1,7,0.472222222,1
2017,650308,650,New Hanover County Schools,308,Carolina Beach Elementary,0,0,5,2,11,9,3,4,206,187,0,0,11,12,450,393,7,20,0,7,0,23,0.873333333,0
2017,650309,650,New Hanover County Schools,309,Castle Hayne Elementary,2,1,11,5,45,55,46,50,166,178,0,1,22,14,596,344,96,100,3,16,1,36,0.577181208,0
2017,650310,650,New Hanover County Schools,310,Charles P Murray Middle,1,1,12,6,24,29,27,22,369,363,1,0,25,17,897,732,49,53,2,18,1,42,0.816053512,0
2017,650312,650,New Hanover County Schools,312,R Freeman Sch of Engineering,1,0,1,0,10,7,127,103,11,10,0,0,2,8,280,21,230,17,1,1,0,10,0.075,1
2017,650316,650,New Hanover County Schools,316,College Park Elementary,0,0,3,6,85,85,62,59,79,78,1,0,12,12,482,157,121,170,0,9,1,24,0.325726141,1
2017,650323,650,New Hanover County Schools,323,Edwin A Anderson Elementary,1,2,5,4,31,16,24,25,264,249,1,0,23,16,661,513,49,47,3,9,1,39,0.776096823,0
2017,650324,650,New Hanover County Schools,324,Edwin A Alderman Elementary,0,0,1,2,18,11,71,71,57,53,1,0,4,5,294,110,142,29,0,3,1,9,0.37414966,1
2017,650325,650,New Hanover County Schools,325,Emma B Trask Middle,2,0,15,10,46,47,61,60,239,226,0,0,19,15,740,465,121,93,2,25,0,34,0.628378378,0
2017,650326,650,New Hanover County Schools,326,Emsley A Laney High,15,6,28,23,119,104,266,242,732,698,2,2,33,29,2299,1430,508,223,21,51,4,62,0.622009569,0
2017,650327,650,New Hanover County Schools,327,Eugene Ashley High,2,9,6,14,88,93,114,109,728,724,4,1,30,37,1959,1452,223,181,11,20,5,67,0.741194487,0
2017,650328,650,New Hanover County Schools,328,Forest Hills Global Elementary,0,1,3,3,27,23,85,90,57,25,0,0,5,8,327,82,175,50,1,6,0,13,0.250764526,1
2017,650332,650,New Hanover County Schools,332,The International School at Gregory,0,0,1,1,30,46,163,134,95,69,0,0,8,4,551,164,297,76,0,2,0,12,0.297640653,1
2017,650338,650,New Hanover County Schools,338,Heyward C Bellamy Elem,0,2,9,6,20,26,27,29,261,225,1,0,17,11,634,486,56,46,2,15,1,28,0.766561514,0
2017,650339,650,New Hanover County Schools,339,Holly Tree Elementary,0,0,12,5,20,16,24,19,205,210,0,1,10,6,528,415,43,36,0,17,1,16,0.785984848,0
2017,650340,650,New Hanover County Schools,340,Isaac M Bear Early College High School,0,0,3,7,12,17,7,17,70,93,0,0,1,2,229,163,24,29,0,10,0,3,0.711790393,0
2017,650341,650,New Hanover County Schools,341,John J Blair Elementary,0,2,4,7,50,55,24,15,192,198,0,0,15,14,576,390,39,105,2,11,0,29,0.677083333,0
2017,650342,650,New Hanover County Schools,342,John T Hoggard High,1,4,27,19,74,81,119,110,703,670,4,2,29,18,1861,1373,229,155,5,46,6,47,0.73777539,0
2017,650343,650,New Hanover County Schools,343,Holly Shelter Middle,1,2,4,9,45,65,89,88,162,172,0,0,17,9,663,334,177,110,3,13,0,26,0.503770739,0
2017,650345,650,New Hanover County Schools,345,Lake Forest Academy,0,0,0,0,0,0,12,4,4,4,0,0,1,0,25,8,16,0,0,0,0,1,0.32,1
2017,650346,650,New Hanover County Schools,346,Mary C Williams Elementary,1,0,0,0,134,115,40,37,88,69,0,0,4,6,494,157,77,249,1,0,0,10,0.317813765,1
2017,650348,650,New Hanover County Schools,348,Murrayville Elementary,3,1,6,10,42,62,52,66,242,215,0,0,20,21,740,457,118,104,4,16,0,41,0.617567568,0
2017,650350,650,New Hanover County Schools,350,M C S Noble Middle,1,0,5,1,61,60,53,48,324,277,2,0,16,13,861,601,101,121,1,6,2,29,0.698025552,0
2017,650351,650,New Hanover County Schools,351,Myrtle Grove Middle,3,0,4,7,50,44,63,53,262,216,0,0,13,30,745,478,116,94,3,11,0,43,0.641610738,0
2017,650352,650,New Hanover County Schools,352,New Hanover High,3,0,19,8,121,88,288,302,398,373,1,0,29,36,1666,771,590,209,3,27,1,65,0.462785114,1
2017,650353,650,New Hanover County Schools,353,Dr Hubert Eaton Sr Elem,1,0,9,6,18,17,16,7,263,212,0,0,7,15,571,475,23,35,1,15,0,22,0.831873905,0
2017,650354,650,New Hanover County Schools,354,J. C. Roe Center,0,0,0,0,2,0,14,4,8,1,0,0,1,1,31,9,18,2,0,0,0,2,0.290322581,1
2017,650355,650,New Hanover County Schools,355,Career Readiness Academy at Mosley PLC,0,0,1,1,4,9,19,13,21,20,0,1,2,1,92,41,32,13,0,2,1,3,0.445652174,1
2017,650356,650,New Hanover County Schools,356,Ogden Elementary,1,0,6,2,20,14,6,3,312,317,0,0,20,10,711,629,9,34,1,8,0,30,0.88466948,0
2017,650362,650,New Hanover County Schools,362,Pine Valley Elementary,1,0,11,4,42,32,42,38,194,192,1,1,24,15,597,386,80,74,1,15,2,39,0.646566164,0
2017,650364,650,New Hanover County Schools,364,Roland-Grise Middle,3,0,8,9,47,62,33,25,333,283,0,0,17,9,829,616,58,109,3,17,0,26,0.743063932,0
2017,650366,650,New Hanover County Schools,366,Dr John Codington Elem,0,0,0,7,26,20,14,18,256,232,1,0,8,12,594,488,32,46,0,7,1,20,0.821548822,0
2017,650368,650,New Hanover County Schools,368,Sunset Park Elementary,1,1,2,0,48,36,110,87,48,25,0,0,10,10,378,73,197,84,2,2,0,20,0.193121693,1
2017,650380,650,New Hanover County Schools,380,Walter L Parsley Elementary,1,2,3,7,25,13,6,7,277,315,0,0,20,18,694,592,13,38,3,10,0,38,0.853025937,0
2017,650384,650,New Hanover County Schools,384,A H Snipes Academy of Arts/Des,0,0,1,0,19,17,163,140,17,21,0,0,7,7,392,38,303,36,0,1,0,14,0.096938776,1
2017,650392,650,New Hanover County Schools,392,Williston Middle,0,1,6,4,78,67,162,158,97,65,0,0,17,11,666,162,320,145,1,10,0,28,0.243243243,1
2017,650394,650,New Hanover County Schools,394,Wilmington Early College High,0,0,4,2,3,18,13,53,62,68,0,0,1,5,229,130,66,21,0,6,0,6,0.56768559,0
2017,650400,650,New Hanover County Schools,400,Winter Park Model Elementary,1,0,3,7,50,49,35,44,72,70,0,0,5,11,347,142,79,99,1,10,0,16,0.409221902,1
2017,650404,650,New Hanover County Schools,404,Wrightsboro Elementary,1,2,3,0,56,71,101,70,99,86,0,1,25,27,542,185,171,127,3,3,1,52,0.341328413,1
2017,650408,650,New Hanover County Schools,408,Wrightsville Beach Elem,0,0,0,8,22,11,0,2,160,143,0,0,1,2,349,303,2,33,0,8,0,3,0.868194842,0
2017,650409,650,New Hanover County Schools,409,D.C. Virgo  Preparatory Academy,0,0,0,0,3,6,70,66,10,6,0,0,0,0,161,16,136,9,0,0,0,0,0.099378882,1
2017,650420,650,New Hanover County Schools,420,College Road Early Childhood Center,0,0,2,0,9,7,3,4,41,42,0,0,4,2,114,83,7,16,0,2,0,6,0.728070175,0
2017,660306,660,Northampton County Schools,306,Central Elementary,0,0,1,1,1,5,86,79,14,7,0,0,4,4,202,21,165,6,0,2,0,8,0.103960396,1
2017,660308,660,Northampton County Schools,308,Conway Middle,0,0,1,3,11,10,139,111,27,26,0,0,3,2,333,53,250,21,0,4,0,5,0.159159159,1
2017,660320,660,Northampton County Schools,320,Gaston Elementary,0,1,0,0,0,2,133,117,10,9,1,0,2,2,277,19,250,2,1,0,1,4,0.068592058,1
2017,660325,660,Northampton County Schools,325,Gaston Middle,0,1,0,0,4,2,79,65,11,4,0,0,1,4,171,15,144,6,1,0,0,5,0.087719298,1
2017,660336,660,Northampton County Schools,336,Northampton County High School,0,1,0,0,2,4,195,137,28,24,0,0,4,7,402,52,332,6,1,0,0,11,0.129353234,1
2017,660360,660,Northampton County Schools,360,Willis Hare Elementary,0,0,2,1,14,11,85,104,33,23,0,0,8,7,288,56,189,25,0,3,0,15,0.194444444,1
2017,660400,660,Northampton County Schools,400,Northampton Early College,0,0,0,0,1,2,22,37,0,8,0,0,1,0,71,8,59,3,0,0,0,1,0.112676056,1
2017,670304,670,Onslow County Schools,304,Bell Fork Elementary,2,6,1,5,78,44,139,117,95,100,2,0,38,43,670,195,256,122,8,6,2,81,0.291044776,1
2017,670308,670,Onslow County Schools,308,Blue Creek Elementary,1,0,2,1,36,47,47,44,130,129,3,2,25,26,493,259,91,83,1,3,5,51,0.52535497,0
2017,670310,670,Onslow County Schools,310,Carolina Forest Elementary,2,1,15,16,103,98,84,77,187,165,4,3,58,40,853,352,161,201,3,31,7,98,0.412661196,1
2017,670312,670,Onslow County Schools,312,Clyde Erwin Elementary,1,0,3,2,54,51,86,89,67,64,0,3,29,21,470,131,175,105,1,5,3,50,0.278723404,1
2017,670314,670,Onslow County Schools,314,Dixon Elementary,3,4,2,5,61,67,13,13,419,414,2,0,29,21,1053,833,26,128,7,7,2,50,0.791073124,0
2017,290306,290,Davidson County Schools,306,Northwest Elementary,0,2,0,1,7,8,1,1,250,202,0,1,7,9,489,452,2,15,2,1,1,16,0.924335378,0
2017,290307,290,Davidson County Schools,307,Southmont Elementary,0,0,0,0,10,10,4,3,168,167,0,0,7,9,378,335,7,20,0,0,0,16,0.886243386,0
2017,290308,290,Davidson County Schools,308,Central Davidson High,3,3,5,5,47,19,13,15,429,389,0,0,17,3,948,818,28,66,6,10,0,20,0.862869198,0
2017,290309,290,Davidson County Schools,309,Central Davidson Middle,1,1,4,3,28,35,16,15,331,306,0,0,21,14,775,637,31,63,2,7,0,35,0.821935484,0
2017,290310,290,Davidson County Schools,310,Stoner-Thomas School,0,0,0,0,7,4,8,7,40,30,0,0,0,2,98,70,15,11,0,0,0,2,0.714285714,0
2017,290312,290,Davidson County Schools,312,Churchland Elementary,0,0,0,0,38,16,1,1,201,179,0,0,4,3,443,380,2,54,0,0,0,7,0.85778781,0
2017,290314,290,Davidson County Schools,314,Davidson County High School,0,0,0,0,1,3,1,2,30,26,0,0,0,2,65,56,3,4,0,0,0,2,0.861538462,0
2017,290315,290,Davidson County Schools,315,Davidson Early College,0,2,0,3,1,7,2,2,32,53,0,0,1,2,105,85,4,8,2,3,0,3,0.80952381,0
2017,290316,290,Davidson County Schools,316,Davis-Townsend Elementary,0,0,3,1,29,13,7,2,204,209,0,0,12,6,486,413,9,42,0,4,0,18,0.849794239,0
2017,290320,290,Davidson County Schools,320,Denton Elementary,0,0,0,1,3,8,0,0,177,163,0,0,3,3,358,340,0,11,0,1,0,6,0.94972067,0
2017,290322,290,Davidson County Schools,322,E Lawson Brown Middle,2,2,6,8,32,27,6,7,312,278,0,0,7,6,693,590,13,59,4,14,0,13,0.851370851,0
2017,290324,290,Davidson County Schools,324,East Davidson High,0,3,3,3,46,35,7,11,399,382,0,0,10,9,908,781,18,81,3,6,0,19,0.860132159,0
2017,290328,290,Davidson County Schools,328,Fair Grove Elementary,0,0,3,5,42,33,7,6,212,196,0,0,5,2,511,408,13,75,0,8,0,7,0.798434442,0
2017,290330,290,Davidson County Schools,330,Friedberg Elementary,0,1,0,3,19,17,7,8,203,183,0,0,5,4,450,386,15,36,1,3,0,9,0.857777778,0
2017,290332,290,Davidson County Schools,332,Hasty Elementary,1,1,2,4,55,67,14,15,190,151,1,0,12,6,519,341,29,122,2,6,1,18,0.657032755,0
2017,290333,290,Davidson County Schools,333,Friendship Elementary,0,1,5,2,24,36,17,14,173,155,0,0,10,7,444,328,31,60,1,7,0,17,0.738738739,0
2017,290334,290,Davidson County Schools,334,Ledford Middle,0,0,10,14,61,55,30,21,233,234,3,0,10,7,678,467,51,116,0,24,3,17,0.68879056,0
2017,290336,290,Davidson County Schools,336,Ledford Senior High,4,1,5,21,73,74,33,33,505,501,0,0,14,11,1275,1006,66,147,5,26,0,25,0.789019608,0
2017,290344,290,Davidson County Schools,344,Midway Elementary,2,0,1,2,21,24,11,11,216,181,0,0,6,6,481,397,22,45,2,3,0,12,0.825363825,0
2017,290348,290,Davidson County Schools,348,North Davidson High,0,3,9,8,48,47,41,39,678,669,0,1,22,19,1584,1347,80,95,3,17,1,41,0.850378788,0
2017,290350,290,Davidson County Schools,350,North Davidson Middle,2,1,8,5,31,34,11,7,323,291,0,0,11,6,730,614,18,65,3,13,0,17,0.84109589,0
2017,290351,290,Davidson County Schools,351,Oak Grove Middle,0,3,4,2,23,26,24,15,311,290,0,0,6,6,710,601,39,49,3,6,0,12,0.846478873,0
2017,290352,290,Davidson County Schools,352,Pilot Elementary,0,1,0,1,28,18,3,8,190,177,0,0,6,6,438,367,11,46,1,1,0,12,0.837899543,0
2017,290356,290,Davidson County Schools,356,Reeds Elementary,2,2,2,0,6,9,1,2,187,134,1,0,0,2,348,321,3,15,4,2,1,2,0.922413793,0
2017,290364,290,Davidson County Schools,364,Silver Valley Elementary,2,0,0,0,5,2,0,0,127,96,0,0,1,1,234,223,0,7,2,0,0,2,0.952991453,0
2017,290365,290,Davidson County Schools,365,South Davidson High,0,0,2,1,3,7,2,1,218,176,0,0,1,2,413,394,3,10,0,3,0,3,0.953995157,0
2017,290366,290,Davidson County Schools,366,Southwood Elementary,1,0,4,5,47,44,17,14,228,223,0,0,13,13,609,451,31,91,1,9,0,26,0.740558292,0
2017,290367,290,Davidson County Schools,367,South Davidson Middle,1,0,0,0,7,2,1,1,143,143,0,0,2,1,301,286,2,9,1,0,0,3,0.950166113,0
2017,290375,290,Davidson County Schools,375,Tyro Elementary,1,0,2,5,17,12,5,3,165,162,0,0,4,4,380,327,8,29,1,7,0,8,0.860526316,0
2017,290376,290,Davidson County Schools,376,Tyro Middle,3,2,2,3,22,18,6,6,294,238,0,0,4,9,607,532,12,40,5,5,0,13,0.876441516,0
2017,290380,290,Davidson County Schools,380,Wallburg Elementary,0,0,8,13,31,27,37,30,337,330,0,0,7,9,829,667,67,58,0,21,0,16,0.804583836,0
2017,290384,290,Davidson County Schools,384,Welcome Elementary,0,2,11,11,45,31,14,7,225,212,0,0,13,13,584,437,21,76,2,22,0,26,0.748287671,0
2017,290388,290,Davidson County Schools,388,West Davidson High,0,0,1,3,26,28,10,8,347,323,0,0,6,9,761,670,18,54,0,4,0,15,0.880420499,0
2017,290389,290,Davidson County Schools,389,Yadkin Valley Regional Career Academy,0,0,0,1,6,10,7,3,87,61,0,0,4,3,182,148,10,16,0,1,0,7,0.813186813,0
2017,291308,291,Lexington City Schools,308,Charles England Elementary School,0,1,3,6,78,65,73,70,75,44,0,1,19,16,451,119,143,143,1,9,1,35,0.263858093,1
2017,291332,291,Lexington City Schools,332,Lexington Middle School,3,1,18,14,127,120,100,100,68,72,0,1,14,15,653,140,200,247,4,32,1,29,0.2143951,1
2017,291336,291,Lexington City Schools,336,Lexington Senior High,2,2,26,17,129,137,127,126,90,67,0,1,16,29,769,157,253,266,4,43,1,45,0.204161248,1
2017,291340,291,Lexington City Schools,340,Pickett Elementary School,1,0,16,20,69,72,58,48,46,59,0,0,22,17,428,105,106,141,1,36,0,39,0.245327103,1
2017,291348,291,Lexington City Schools,348,South Lexington School,0,0,3,4,46,37,33,32,37,40,0,0,17,17,266,77,65,83,0,7,0,34,0.289473684,1
2017,291350,291,Lexington City Schools,350,South Lexington Development Center,0,0,1,1,5,1,3,2,20,7,0,0,0,0,40,27,5,6,0,2,0,0,0.675,0
2017,291352,291,Lexington City Schools,352,Southwest Elementary School,1,1,4,5,66,70,58,60,48,50,1,0,19,26,409,98,118,136,2,9,1,45,0.239608802,1
2017,292316,292,Thomasville City Schools,316,Liberty Drive Elementary,1,0,2,1,56,69,64,69,44,46,1,0,17,17,387,90,133,125,1,3,1,34,0.23255814,1
2017,292318,292,Thomasville City Schools,318,Thomasville Primary,1,1,3,4,133,115,112,126,89,100,0,0,35,45,764,189,238,248,2,7,0,80,0.247382199,1
2017,292320,292,Thomasville City Schools,320,Thomasville Middle,1,1,0,2,99,88,83,92,65,50,0,1,13,10,505,115,175,187,2,2,1,23,0.227722772,1
2017,292324,292,Thomasville City Schools,324,Thomasville High,2,0,3,2,104,89,139,139,70,74,0,0,24,21,667,144,278,193,2,5,0,45,0.215892054,1
2017,300306,300,Davie County Schools,306,Central Davie Academy,0,0,0,0,0,0,4,0,8,2,0,0,1,0,15,10,4,0,0,0,0,1,0.666666667,0
2017,300308,300,Davie County Schools,308,Cooleemee Elementary,0,0,0,1,51,52,31,20,159,133,0,0,16,17,480,292,51,103,0,1,0,33,0.608333333,0
2017,300310,300,Davie County Schools,310,Cornatzer Elementary,1,1,1,1,32,31,12,6,135,123,0,0,8,6,357,258,18,63,2,2,0,14,0.722689076,0
2017,300312,300,Davie County Schools,312,Davie County High,0,3,2,12,111,82,60,48,727,632,0,1,37,41,1756,1359,108,193,3,14,1,78,0.773917995,0
2017,300314,300,Davie County Schools,314,Davie County Early College High,0,1,1,0,15,27,3,2,42,72,0,0,1,4,168,114,5,42,1,1,0,5,0.678571429,0
2017,300320,300,Davie County Schools,320,Mocksville Elementary,1,1,3,4,66,54,45,40,170,162,0,0,17,18,581,332,85,120,2,7,0,35,0.571428571,0
2017,300325,300,Davie County Schools,325,North Davie Middle,0,0,0,3,22,23,10,7,183,169,0,0,7,9,433,352,17,45,0,3,0,16,0.812933025,0
2017,300326,300,Davie County Schools,326,Pinebrook Elementary,1,0,2,6,24,15,8,14,200,194,0,1,10,16,491,394,22,39,1,8,1,26,0.802443992,0
2017,300328,300,Davie County Schools,328,Shady Grove Elementary,0,0,0,3,12,11,6,5,260,214,0,0,17,12,540,474,11,23,0,3,0,29,0.877777778,0
2017,300330,300,Davie County Schools,330,South Davie Middle,0,1,1,2,54,54,16,29,175,161,0,0,13,14,520,336,45,108,1,3,0,27,0.646153846,0
2017,300336,300,Davie County Schools,336,William R Davie Elementary,0,0,0,1,28,24,11,5,154,127,0,1,18,7,376,281,16,52,0,1,1,25,0.747340426,0
2017,300337,300,Davie County Schools,337,William Ellis Middle,1,0,4,7,27,21,11,15,222,196,0,1,13,7,525,418,26,48,1,11,1,20,0.796190476,0
2017,310304,310,Duplin County Schools,304,B F Grady Elementary,1,2,1,0,338,282,25,22,115,131,1,0,4,12,934,246,47,620,3,1,1,16,0.263383298,1
2017,310308,310,Duplin County Schools,308,Beulaville Elementary,5,2,0,1,107,98,75,61,255,258,0,0,16,13,891,513,136,205,7,1,0,29,0.575757576,0
2017,310324,310,Duplin County Schools,324,Charity Middle,4,2,1,0,116,96,77,69,77,57,0,0,10,8,517,134,146,212,6,1,0,18,0.259187621,1
2017,310330,310,Duplin County Schools,330,Chinquapin Elementary,0,0,1,2,37,23,35,44,161,197,0,0,4,9,513,358,79,60,0,3,0,13,0.69785575,0
2017,310336,310,Duplin County Schools,336,Warsaw Elementary,4,6,0,2,108,111,127,136,29,28,1,3,0,3,558,57,263,219,10,2,4,3,0.102150538,1
2017,310338,310,Duplin County Schools,338,Duplin Early College High,1,1,0,2,28,45,11,32,22,42,0,1,0,1,186,64,43,73,2,2,1,1,0.344086022,1
2017,310340,310,Duplin County Schools,340,E E Smith Middle,1,0,1,1,80,96,53,43,46,35,0,0,3,3,362,81,96,176,1,2,0,6,0.223756906,1
2017,310344,310,Duplin County Schools,344,East Duplin High,3,2,0,2,183,152,52,51,276,222,0,0,12,12,967,498,103,335,5,2,0,24,0.514994829,0
2017,310352,310,Duplin County Schools,352,James Kenan High,3,2,3,0,159,157,136,127,60,50,1,1,6,5,710,110,263,316,5,3,2,11,0.154929577,1
2017,310356,310,Duplin County Schools,356,Kenansville Elementary,1,2,3,1,49,42,78,58,82,68,0,0,3,4,391,150,136,91,3,4,0,7,0.383631714,1
2017,310360,310,Duplin County Schools,360,North Duplin Elementary,5,3,1,1,183,168,34,23,121,101,0,0,6,6,652,222,57,351,8,2,0,12,0.340490798,1
2017,450343,450,Henderson County Schools,343,Balfour Education Center,0,0,0,0,17,15,5,5,58,38,1,0,6,4,149,96,10,32,0,0,1,10,0.644295302,0
2017,450344,450,Henderson County Schools,344,Sugarloaf Elementary,0,1,3,5,110,95,10,13,86,86,1,2,16,9,437,172,23,205,1,8,3,25,0.393592677,1
2017,450346,450,Henderson County Schools,346,Upward Elementary,1,0,2,2,107,109,3,15,97,76,1,0,9,10,432,173,18,216,1,4,1,19,0.400462963,1
2017,450352,450,Henderson County Schools,352,West Henderson High,0,0,11,10,50,46,9,12,465,440,2,2,15,17,1079,905,21,96,0,21,4,32,0.838739574,0
2017,450354,450,Henderson County Schools,354,Henderson County Early College,0,1,4,5,16,34,2,0,65,63,0,0,4,4,198,128,2,50,1,9,0,8,0.646464646,0
2017,460308,460,Hertford County Schools,308,Ahoskie Elementary,0,2,0,1,9,5,204,185,48,31,0,1,2,5,493,79,389,14,2,1,1,7,0.160243408,1
2017,460312,460,Hertford County Schools,312,Bearfield Primary,1,5,4,2,5,11,248,245,64,58,2,1,8,4,658,122,493,16,6,6,3,12,0.185410334,1
2017,460318,460,Hertford County Schools,318,Hertford County Middle,1,4,6,2,8,5,172,182,29,25,1,2,5,1,443,54,354,13,5,8,3,6,0.121896163,1
2017,460320,460,Hertford County Schools,320,Hertford County High,0,3,1,0,14,8,262,265,48,33,0,0,7,4,645,81,527,22,3,1,0,11,0.125581395,1
2017,460322,460,Hertford County Schools,322,Hertford Co Early College,0,0,1,2,1,3,21,67,25,21,0,0,1,0,142,46,88,4,0,3,0,1,0.323943662,1
2017,460332,460,Hertford County Schools,332,Riverview Elementary,1,0,4,2,23,16,176,160,19,14,0,0,6,8,429,33,336,39,1,6,0,14,0.076923077,1
2017,460340,460,Hertford County Schools,340,CS Brown High,1,2,1,0,0,3,29,26,2,0,0,0,0,3,67,2,55,3,3,1,0,3,0.029850746,1
2017,470310,470,Hoke County Schools,310,Don D Steed Elementary,8,4,5,2,83,75,103,81,134,115,2,2,24,19,657,249,184,158,12,7,4,43,0.378995434,1
2017,470312,470,Hoke County Schools,312,Hoke County High,125,120,11,3,189,163,477,424,233,186,2,1,53,59,2046,419,901,352,245,14,3,112,0.204789834,1
2017,470316,470,Hoke County Schools,316,J W McLauchlin Elementary,7,9,4,1,33,32,60,60,27,31,0,0,10,5,279,58,120,65,16,5,0,15,0.207885305,1
2017,470320,470,Hoke County Schools,320,West Hoke Middle,39,44,2,3,67,49,127,126,36,46,0,0,27,21,587,82,253,116,83,5,0,48,0.139693356,1
2017,470328,470,Hoke County Schools,328,Scurlock Elementary,8,5,2,1,129,98,102,89,67,53,2,2,16,12,586,120,191,227,13,3,4,28,0.204778157,1
2017,470330,470,Hoke County Schools,330,Hawk Eye Elementary,72,56,0,1,62,42,26,33,6,9,1,0,20,21,349,15,59,104,128,1,1,41,0.042979943,1
2017,470332,470,Hoke County Schools,332,East Hoke Middle,9,12,4,4,84,96,170,110,99,74,0,0,25,16,703,173,280,180,21,8,0,41,0.246088193,1
2017,470336,470,Hoke County Schools,336,West Hoke Elementary,14,30,0,0,25,25,91,80,53,44,0,0,13,7,382,97,171,50,44,0,0,20,0.253926702,1
2017,470340,470,Hoke County Schools,340,Rockfish Hoke Elementary,5,8,8,3,79,88,77,81,158,177,1,0,29,30,744,335,158,167,13,11,1,59,0.450268817,1
2017,470342,470,Hoke County Schools,342,J W Turlington School,1,2,0,0,0,0,19,8,3,2,0,0,3,2,40,5,27,0,3,0,0,5,0.125,1
2017,470346,470,Hoke County Schools,346,Upchurch Elementary,7,8,4,4,80,63,147,149,82,60,0,0,19,19,642,142,296,143,15,8,0,38,0.221183801,1
2017,470441,470,Hoke County Schools,441,Sandy Grove Elementary,51,45,0,0,44,52,49,58,105,101,2,3,18,19,547,206,107,96,96,0,5,37,0.376599634,1
2017,470442,470,Hoke County Schools,442,Sandy Grove Middle,35,37,0,1,44,33,55,52,89,82,1,0,25,26,480,171,107,77,72,1,1,51,0.35625,1
2017,470443,470,Hoke County Schools,443,SandHoke Early College High,7,16,3,5,38,45,38,77,49,79,0,1,8,8,374,128,115,83,23,8,1,16,0.342245989,1
2017,480306,480,Hyde County Schools,306,Mattamuskeet Elementary,0,0,0,0,17,17,35,28,62,51,0,0,5,2,217,113,63,34,0,0,0,7,0.520737327,0
2017,480316,480,Hyde County Schools,316,Ocracoke School,0,0,0,0,27,33,1,1,74,39,0,0,0,1,176,113,2,60,0,0,0,1,0.642045455,0
2017,480318,480,Hyde County Schools,318,Mattamuskeet Early College High,0,0,0,0,11,11,27,29,54,57,0,0,4,4,197,111,56,22,0,0,0,8,0.563451777,0
2017,490308,490,Iredell-Statesville Schools,308,Brawley Middle,1,3,7,6,20,20,17,11,383,290,0,0,7,5,770,673,28,40,4,13,0,12,0.874025974,0
2017,490310,490,Iredell-Statesville Schools,310,Career Academy and Technical School,0,0,1,0,3,1,14,6,27,33,0,0,2,2,89,60,20,4,0,1,0,4,0.674157303,0
2017,490312,490,Iredell-Statesville Schools,312,Celeste Henkel Elementary,0,1,9,3,22,20,41,38,201,170,0,2,7,6,520,371,79,42,1,12,2,13,0.713461538,0
2017,490316,490,Iredell-Statesville Schools,316,Central Elementary,0,0,0,0,9,7,3,2,165,152,0,0,6,5,349,317,5,16,0,0,0,11,0.908309456,0
2017,490318,490,Iredell-Statesville Schools,318,Coddle Creek Elementary,0,0,15,20,23,12,16,8,235,199,0,2,15,11,556,434,24,35,0,35,2,26,0.78057554,0
2017,490319,490,Iredell-Statesville Schools,319,Cloverleaf Elementary,1,1,8,12,38,55,125,114,130,124,0,1,10,16,635,254,239,93,2,20,1,26,0.4,1
2017,490320,490,Iredell-Statesville Schools,320,Collaborative College for Technology,1,0,8,8,12,10,14,11,77,73,0,0,4,6,224,150,25,22,1,16,0,10,0.669642857,0
2017,490324,490,Iredell-Statesville Schools,324,Cool Spring Elementary,0,0,2,3,23,32,17,12,149,123,0,0,7,9,377,272,29,55,0,5,0,16,0.721485411,0
2017,490326,490,Iredell-Statesville Schools,326,East Iredell Elementary,0,0,10,11,119,129,146,138,135,161,1,3,16,23,892,296,284,248,0,21,4,39,0.331838565,1
2017,490327,490,Iredell-Statesville Schools,327,East Iredell Middle,1,0,8,8,63,55,78,77,93,89,0,1,10,13,496,182,155,118,1,16,1,23,0.366935484,1
2017,490332,490,Iredell-Statesville Schools,332,Harmony Elementary,0,0,0,0,47,46,12,14,138,141,0,0,6,8,412,279,26,93,0,0,0,14,0.677184466,0
2017,490335,490,Iredell-Statesville Schools,335,Lake Norman High,4,2,26,26,62,61,32,26,819,756,1,0,19,13,1847,1575,58,123,6,52,1,32,0.852734164,0
2017,490336,490,Iredell-Statesville Schools,336,Lake Norman Elementary,1,0,20,13,17,22,4,12,188,147,0,0,6,6,436,335,16,39,1,33,0,12,0.768348624,0
2017,490337,490,Iredell-Statesville Schools,337,Lakeshore Elementary,0,0,12,15,30,23,17,12,245,266,0,0,11,10,641,511,29,53,0,27,0,21,0.797191888,0
2017,490338,490,Iredell-Statesville Schools,338,Lakeshore Middle,0,0,4,4,25,29,15,17,206,184,0,1,5,5,495,390,32,54,0,8,1,10,0.787878788,0
2017,490342,490,Iredell-Statesville Schools,342,Monticello School,0,0,0,0,7,3,21,12,40,20,0,0,3,4,110,60,33,10,0,0,0,7,0.545454545,0
2017,490344,490,Iredell-Statesville Schools,344,Mount Mourne School,0,1,22,17,11,12,6,6,177,186,0,0,7,4,449,363,12,23,1,39,0,11,0.808463252,0
2017,490345,490,Iredell-Statesville Schools,345,N B Mills Elementary,0,0,1,0,65,45,101,94,51,31,0,0,11,11,410,82,195,110,0,1,0,22,0.2,1
2017,490346,490,Iredell-Statesville Schools,346,North Iredell High,0,0,2,7,89,75,28,28,468,406,0,1,10,10,1124,874,56,164,0,9,1,20,0.777580071,0
2017,490347,490,Iredell-Statesville Schools,347,Northview School,2,0,7,10,10,25,5,22,150,167,0,0,7,7,412,317,27,35,2,17,0,14,0.769417476,0
2017,490348,490,Iredell-Statesville Schools,348,Scotts Elementary,0,0,8,6,34,30,24,27,128,109,1,0,8,11,386,237,51,64,0,14,1,19,0.613989637,0
2017,490349,490,Iredell-Statesville Schools,349,North Iredell Middle,0,1,1,4,47,45,17,8,219,202,0,0,4,8,556,421,25,92,1,5,0,12,0.757194245,0
2017,490350,490,Iredell-Statesville Schools,350,Pressly School,0,0,0,0,0,0,10,5,11,6,0,0,3,0,35,17,15,0,0,0,0,3,0.485714286,1
2017,490352,490,Iredell-Statesville Schools,352,Statesville Middle,0,0,7,3,53,48,87,93,39,44,0,0,8,8,390,83,180,101,0,10,0,16,0.212820513,1
2017,490354,490,Iredell-Statesville Schools,354,Statesville High,0,1,17,9,104,87,229,206,170,110,0,0,14,26,973,280,435,191,1,26,0,40,0.287769784,1
2017,490355,490,Iredell-Statesville Schools,355,Crossroads Arts Sciences Early College,0,1,3,9,8,25,14,44,40,121,0,0,1,7,273,161,58,33,1,12,0,8,0.58974359,0
2017,490356,490,Iredell-Statesville Schools,356,Sharon Elementary,0,0,3,6,7,6,9,7,91,110,0,0,11,7,257,201,16,13,0,9,0,18,0.782101167,0
2017,490360,490,Iredell-Statesville Schools,360,Shepherd Elementary,0,3,0,1,31,22,9,13,188,164,0,0,11,10,452,352,22,53,3,1,0,21,0.778761062,0
2017,490362,490,Iredell-Statesville Schools,362,South Iredell High,1,3,17,46,74,73,73,67,605,620,1,1,15,20,1616,1225,140,147,4,63,2,35,0.758044554,0
2017,490363,490,Iredell-Statesville Schools,363,Third Creek Elementary,0,2,7,5,77,82,77,62,95,92,0,1,14,11,525,187,139,159,2,12,1,25,0.356190476,1
2017,490364,490,Iredell-Statesville Schools,364,Troutman Elementary,0,0,7,3,45,45,67,64,267,191,0,1,12,11,713,458,131,90,0,10,1,23,0.642356241,0
2017,490366,490,Iredell-Statesville Schools,366,Troutman Middle,0,0,2,2,27,27,36,30,160,116,0,0,6,7,413,276,66,54,0,4,0,13,0.668280872,0
2017,490368,490,Iredell-Statesville Schools,368,Union Grove Elementary,0,0,1,3,30,31,0,0,97,81,0,0,4,1,248,178,0,61,0,4,0,5,0.717741935,0
2017,490380,490,Iredell-Statesville Schools,380,West Iredell High,0,0,13,9,62,41,86,73,328,273,0,0,8,12,905,601,159,103,0,22,0,20,0.664088398,0
2017,490384,490,Iredell-Statesville Schools,384,West Iredell Middle,1,0,10,12,42,44,52,54,213,177,0,1,6,13,625,390,106,86,1,22,1,19,0.624,0
2017,490390,490,Iredell-Statesville Schools,390,Woodland Heights Elementary,1,1,8,11,14,15,3,4,391,328,0,0,14,17,807,719,7,29,2,19,0,31,0.890954151,0
2017,491303,491,Mooresville City Schools,303,East Mooresville Intermediate,0,2,3,10,39,31,59,51,230,204,0,0,24,20,673,434,110,70,2,13,0,44,0.6448737,0
2017,670318,670,Onslow County Schools,318,Dixon Middle,4,2,2,3,39,27,26,34,244,213,2,0,14,24,634,457,60,66,6,5,2,38,0.720820189,0
2017,670320,670,Onslow County Schools,320,Dixon High,4,2,5,2,37,34,43,42,351,325,0,2,20,20,887,676,85,71,6,7,2,40,0.762119504,0
2017,670321,670,Onslow County Schools,321,Hunters Creek Elementary,1,1,3,3,59,77,79,67,143,121,3,2,32,25,616,264,146,136,2,6,5,57,0.428571429,1
2017,670322,670,Onslow County Schools,322,Hunters Creek Middle,4,3,8,3,50,62,97,88,200,175,0,1,28,36,755,375,185,112,7,11,1,64,0.496688742,1
2017,670323,670,Onslow County Schools,323,Jacksonville Commons Elem,1,0,8,9,65,57,140,107,114,99,2,0,39,31,672,213,247,122,1,17,2,70,0.316964286,1
2017,670324,670,Onslow County Schools,324,Jacksonville High,2,3,21,10,108,72,238,190,303,342,2,2,39,40,1372,645,428,180,5,31,4,79,0.470116618,1
2017,670325,670,Onslow County Schools,325,Jacksonville Commons Middle,1,2,19,17,99,70,168,174,141,134,3,2,42,37,909,275,342,169,3,36,5,79,0.302530253,1
2017,670329,670,Onslow County Schools,329,Meadow View Elementary,1,3,0,2,36,48,49,44,255,250,0,0,33,33,754,505,93,84,4,2,0,66,0.669761273,0
2017,670330,670,Onslow County Schools,330,Morton Elementary,1,1,0,1,62,56,62,44,200,174,2,0,34,32,669,374,106,118,2,1,2,66,0.559043348,0
2017,670331,670,Onslow County Schools,331,New Bridge Middle,3,1,10,3,37,31,58,40,146,138,2,0,12,17,498,284,98,68,4,13,2,29,0.570281124,0
2017,670332,670,Onslow County Schools,332,Northwoods Elementary,0,0,2,2,45,29,74,72,95,78,0,1,28,22,448,173,146,74,0,4,1,50,0.386160714,1
2017,670333,670,Onslow County Schools,333,Northside High,3,1,30,23,91,84,214,265,209,167,7,5,56,42,1197,376,479,175,4,53,12,98,0.31411863,1
2017,670335,670,Onslow County Schools,335,Queens Creek Elementary,3,2,2,1,40,43,33,29,303,241,0,1,24,34,756,544,62,83,5,3,1,58,0.71957672,0
2017,670336,670,Onslow County Schools,336,Northwoods Park Middle,0,2,6,4,39,33,91,88,156,153,2,0,22,24,620,309,179,72,2,10,2,46,0.498387097,1
2017,670337,670,Onslow County Schools,337,Richlands Primary,1,3,1,1,67,49,38,36,311,305,0,3,40,32,887,616,74,116,4,2,3,72,0.694475761,0
2017,670338,670,Onslow County Schools,338,Parkwood Elementary,1,2,6,3,40,28,56,42,137,134,0,1,25,31,506,271,98,68,3,9,1,56,0.535573123,0
2017,670339,670,Onslow County Schools,339,Richlands Elementary,2,0,2,0,61,65,37,39,268,241,4,1,34,31,785,509,76,126,2,2,5,65,0.648407643,0
2017,670340,670,Onslow County Schools,340,Richlands High,4,2,5,3,60,43,58,71,326,320,1,1,22,27,943,646,129,103,6,8,2,49,0.68504772,0
2017,670341,670,Onslow County Schools,341,Sand Ridge Elementary,1,2,1,1,31,27,24,18,182,158,2,2,21,20,490,340,42,58,3,2,4,41,0.693877551,0
2017,670342,670,Onslow County Schools,342,Silverdale Elementary,1,0,2,0,19,20,45,30,152,126,1,2,28,19,445,278,75,39,1,2,3,47,0.624719101,0
2017,670343,670,Onslow County Schools,343,Southwest Elementary,3,1,3,0,71,70,44,47,248,263,0,2,35,26,813,511,91,141,4,3,2,61,0.628536285,0
2017,670344,670,Onslow County Schools,344,Southwest High,1,0,1,1,33,38,87,77,246,209,1,1,31,31,757,455,164,71,1,2,2,62,0.601056803,0
2017,670345,670,Onslow County Schools,345,Southwest Middle,2,0,1,0,24,30,45,39,155,181,1,0,20,28,526,336,84,54,2,1,1,48,0.63878327,0
2017,670346,670,Onslow County Schools,346,Summersill Elementary,1,0,5,7,40,36,93,92,128,135,0,0,27,38,602,263,185,76,1,12,0,65,0.436877076,1
2017,670347,670,Onslow County Schools,347,Stateside Elementary,2,0,1,8,49,49,59,59,263,216,0,2,30,24,762,479,118,98,2,9,2,54,0.628608924,0
2017,670350,670,Onslow County Schools,350,Swansboro Elementary,1,0,3,3,32,39,18,12,206,214,0,0,29,21,578,420,30,71,1,6,0,50,0.726643599,0
2017,670351,670,Onslow County Schools,351,Swansboro Middle,3,1,3,3,37,44,40,31,287,285,0,4,39,27,804,572,71,81,4,6,4,66,0.711442786,0
2017,670352,670,Onslow County Schools,352,Swansboro High,6,3,7,5,42,53,49,44,428,414,4,2,31,33,1121,842,93,95,9,12,6,64,0.751115076,0
2017,670356,670,Onslow County Schools,356,Trexler Middle,1,3,1,2,43,45,49,54,228,255,2,0,42,23,748,483,103,88,4,3,2,65,0.645721925,0
2017,670364,670,Onslow County Schools,364,White Oak High,3,4,6,7,59,69,125,108,279,295,2,2,54,50,1063,574,233,128,7,13,4,104,0.539981185,0
2017,680304,680,Orange County Schools,304,A L Stanback Middle,0,3,1,4,140,103,34,22,165,138,0,0,16,4,630,303,56,243,3,5,0,20,0.480952381,1
2017,680308,680,Orange County Schools,308,Cameron Park Elementary,2,2,2,6,62,77,30,38,208,185,0,0,14,14,640,393,68,139,4,8,0,28,0.6140625,0
2017,680310,680,Orange County Schools,310,Cedar Ridge High,1,0,7,17,139,130,74,52,359,341,0,1,18,23,1162,700,126,269,1,24,1,41,0.602409639,0
2017,680312,680,Orange County Schools,312,Central Elementary,0,0,0,0,23,25,45,55,67,46,0,0,7,7,275,113,100,48,0,0,0,14,0.410909091,1
2017,680316,680,Orange County Schools,316,Charles W Stanford Middle,1,1,0,3,28,38,40,45,234,192,0,0,11,12,605,426,85,66,2,3,0,23,0.704132231,0
2017,680324,680,Orange County Schools,324,Efland Cheeks Elementary,1,0,7,14,44,63,46,43,90,81,0,1,9,8,407,171,89,107,1,21,1,17,0.42014742,1
2017,680327,680,Orange County Schools,327,Gravelly Hill Middle,0,1,8,5,37,42,58,54,142,118,1,0,9,10,485,260,112,79,1,13,1,19,0.536082474,0
2017,680328,680,Orange County Schools,328,Grady Brown Elementary,0,1,0,2,74,63,37,40,131,127,0,0,16,7,498,258,77,137,1,2,0,23,0.518072289,0
2017,680329,680,Orange County Schools,329,Hillsborough Elementary,0,0,3,5,7,9,30,27,207,156,0,0,8,19,471,363,57,16,0,8,0,27,0.770700637,0
2017,680330,680,Orange County Schools,330,New Hope Elementary,0,3,2,3,157,121,34,31,108,114,0,0,11,12,596,222,65,278,3,5,0,23,0.372483221,1
2017,680332,680,Orange County Schools,332,Orange High,1,2,4,2,88,92,113,100,425,395,0,1,19,19,1261,820,213,180,3,6,1,38,0.650277557,0
2017,680335,680,Orange County Schools,335,Partnership Academy,0,0,0,0,0,4,7,5,9,8,0,0,2,0,35,17,12,4,0,0,0,2,0.485714286,1
2017,680336,680,Orange County Schools,336,Pathways Elementary,0,0,0,0,16,26,25,32,148,102,0,0,12,15,376,250,57,42,0,0,0,27,0.664893617,0
2017,681300,681,Chapel-Hill/Carrboro City Schools,300,Northside Elementary,1,0,41,27,40,25,55,57,104,109,1,0,13,11,484,213,112,65,1,68,1,24,0.440082645,1
2017,681304,681,Chapel-Hill/Carrboro City Schools,304,Carrboro Elementary,0,1,10,4,67,91,15,10,141,137,0,0,14,11,501,278,25,158,1,14,0,25,0.55489022,0
2017,681305,681,Chapel-Hill/Carrboro City Schools,305,Carrboro High,0,0,34,37,77,56,50,38,241,230,0,0,29,26,818,471,88,133,0,71,0,55,0.575794621,0
2017,681308,681,Chapel-Hill/Carrboro City Schools,308,Chapel Hill High,4,6,93,106,107,108,84,90,434,396,0,0,41,47,1516,830,174,215,10,199,0,88,0.547493404,0
2017,681309,681,Chapel-Hill/Carrboro City Schools,309,McDougle Middle,1,2,16,22,71,66,45,44,189,177,0,0,22,17,672,366,89,137,3,38,0,39,0.544642857,0
2017,681310,681,Chapel-Hill/Carrboro City Schools,310,Seawell Elementary,0,0,91,89,29,19,25,42,115,107,0,0,17,15,549,222,67,48,0,180,0,32,0.404371585,1
2017,681311,681,Chapel-Hill/Carrboro City Schools,311,Ephesus Elementary,1,1,33,21,27,24,21,22,115,109,0,0,10,12,396,224,43,51,2,54,0,22,0.565656566,0
2017,681312,681,Chapel-Hill/Carrboro City Schools,312,Estes Hills Elementary,1,1,41,15,46,35,18,29,145,117,0,0,19,22,489,262,47,81,2,56,0,41,0.535787321,0
2017,681314,681,Chapel-Hill/Carrboro City Schools,314,East Chapel Hill High,4,4,145,126,86,63,99,65,349,349,0,0,47,39,1376,698,164,149,8,271,0,86,0.507267442,0
2017,681316,681,Chapel-Hill/Carrboro City Schools,316,FPG Elementary,0,0,6,4,138,151,9,14,116,113,0,0,15,12,578,229,23,289,0,10,0,27,0.396193772,1
2017,681320,681,Chapel-Hill/Carrboro City Schools,320,Glenwood Elementary,0,0,98,84,19,14,19,14,89,105,0,0,19,22,483,194,33,33,0,182,0,41,0.401656315,1
2017,681322,681,Chapel-Hill/Carrboro City Schools,322,Culbreth Middle,1,0,32,28,64,63,32,29,217,207,0,0,26,13,712,424,61,127,1,60,0,39,0.595505618,0
2017,681324,681,Chapel-Hill/Carrboro City Schools,324,Phillips Middle,0,2,59,65,31,36,45,36,172,156,0,0,26,24,652,328,81,67,2,124,0,50,0.503067485,0
2017,681326,681,Chapel-Hill/Carrboro City Schools,326,McDougle Elementary,1,0,12,17,41,41,37,37,156,141,0,0,18,10,511,297,74,82,1,29,0,28,0.581213307,0
2017,681328,681,Chapel-Hill/Carrboro City Schools,328,UNC Hospital School,0,0,0,0,0,0,1,0,1,0,0,0,0,0,2,1,1,0,0,0,0,0,0.5,0
2017,681330,681,Chapel-Hill/Carrboro City Schools,330,Scroggs Elementary,0,0,22,32,27,29,31,35,167,117,0,0,25,23,508,284,66,56,0,54,0,48,0.559055118,0
2017,681332,681,Chapel-Hill/Carrboro City Schools,332,Morris Grove Elementary,0,0,28,48,35,34,24,25,161,149,0,0,24,17,545,310,49,69,0,76,0,41,0.568807339,0
2017,681334,681,Chapel-Hill/Carrboro City Schools,334,Rashkis Elementary,0,0,85,60,19,32,27,44,117,95,0,0,14,9,502,212,71,51,0,145,0,23,0.422310757,1
2017,681336,681,Chapel-Hill/Carrboro City Schools,336,Smith Middle,0,0,102,85,51,38,44,37,222,173,0,0,23,21,796,395,81,89,0,187,0,44,0.496231156,1
2017,681338,681,Chapel-Hill/Carrboro City Schools,338,Phoenix Academy High,0,0,0,1,5,2,5,4,2,2,0,0,2,2,25,4,9,7,0,1,0,4,0.16,1
2017,690312,690,Pamlico County Schools,312,Fred A Anderson Elementary,1,0,1,0,8,17,28,20,78,93,1,0,14,13,274,171,48,25,1,1,1,27,0.624087591,0
2017,690316,690,Pamlico County Schools,316,Pamlico County Middle,1,1,1,1,14,7,35,29,93,102,0,0,8,12,304,195,64,21,2,2,0,20,0.641447368,0
2017,690320,690,Pamlico County Schools,320,Pamlico County High,1,1,0,3,13,16,46,48,153,140,0,1,9,5,436,293,94,29,2,3,1,14,0.672018349,0
2017,690324,690,Pamlico County Schools,324,Pamlico County Primary,0,0,0,0,13,8,35,31,79,75,0,0,9,12,262,154,66,21,0,0,0,21,0.58778626,0
2017,310364,310,Duplin County Schools,364,North Duplin Jr Sr High,1,2,0,0,117,112,20,26,115,113,0,0,7,5,518,228,46,229,3,0,0,12,0.44015444,1
2017,310384,310,Duplin County Schools,384,Rose Hill-Magnolia Elementary,5,2,0,0,204,174,96,109,56,66,0,0,8,4,724,122,205,378,7,0,0,12,0.168508287,1
2017,310388,310,Duplin County Schools,388,Wallace Elementary,7,3,5,1,163,176,121,101,109,91,0,0,7,7,791,200,222,339,10,6,0,14,0.252844501,1
2017,310392,310,Duplin County Schools,392,Wallace-Rose Hill High,3,2,0,2,139,100,123,104,110,79,1,0,2,12,677,189,227,239,5,2,1,14,0.279172821,1
2017,310396,310,Duplin County Schools,396,Warsaw Middle,0,1,0,0,55,29,63,53,21,13,0,0,3,0,238,34,116,84,1,0,0,3,0.142857143,1
2017,320304,320,Durham County Schools,304,Bethesda Elementary,0,0,8,8,127,113,192,180,26,16,0,0,8,8,686,42,372,240,0,16,0,16,0.06122449,1
2017,320306,320,Durham County Schools,306,Brogden Middle,1,3,2,8,107,81,114,130,50,30,2,0,6,8,542,80,244,188,4,10,2,14,0.147601476,1
2017,320308,320,Durham County Schools,308,Burton Elementary,0,0,1,1,104,100,75,57,5,0,0,0,4,2,349,5,132,204,0,2,0,6,0.014326648,1
2017,320309,320,Durham County Schools,309,J D Clement Early College HS,0,0,7,5,35,67,95,138,6,8,1,0,0,4,366,14,233,102,0,12,1,4,0.038251366,1
2017,320310,320,Durham County Schools,310,Eastway Elementary,0,0,0,0,151,140,112,116,3,6,0,0,9,5,542,9,228,291,0,0,0,14,0.016605166,1
2017,320312,320,Durham County Schools,312,C E Jordan High,4,8,53,48,239,235,432,371,300,241,3,0,28,16,1978,541,803,474,12,101,3,44,0.273508595,1
2017,320313,320,Durham County Schools,313,Easley Elementary,2,0,14,15,56,51,54,41,159,147,0,0,14,12,565,306,95,107,2,29,0,26,0.54159292,0
2017,320314,320,Durham County Schools,314,The School for Creative Studies,0,2,3,1,79,57,120,137,110,78,0,0,15,8,610,188,257,136,2,4,0,23,0.308196721,1
2017,320315,320,Durham County Schools,315,Eno Valley Elementary,0,1,3,3,66,51,180,176,9,11,1,0,3,5,509,20,356,117,1,6,1,8,0.039292731,1
2017,320316,320,Durham County Schools,316,George L Carrington Middle,1,0,16,7,145,139,214,233,74,70,1,0,20,11,931,144,447,284,1,23,1,31,0.154672395,1
2017,320317,320,Durham County Schools,317,City of Medicine Academy,0,1,4,9,21,93,25,137,8,17,0,1,1,7,324,25,162,114,1,13,1,8,0.077160494,1
2017,320318,320,Durham County Schools,318,Club Boulevard Elementary,1,0,2,0,98,97,56,80,89,59,0,0,6,6,494,148,136,195,1,2,0,12,0.299595142,1
2017,320319,320,Durham County Schools,319,Creekside Elementary,1,1,26,21,125,115,105,128,161,171,0,1,20,14,889,332,233,240,2,47,1,34,0.373453318,1
2017,320320,320,Durham County Schools,320,Glenn Elementary,4,4,3,3,165,146,173,161,14,10,0,1,15,10,709,24,334,311,8,6,1,25,0.033850494,1
2017,320322,320,Durham County Schools,322,Durham's Performance Learning Center,0,0,0,0,24,42,45,77,5,5,0,0,2,5,205,10,122,66,0,0,0,7,0.048780488,1
2017,320323,320,Durham County Schools,323,Durham School of the Arts,4,7,38,36,157,233,183,378,236,378,0,1,20,40,1711,614,561,390,11,74,1,60,0.358854471,1
2017,320324,320,Durham County Schools,324,Hillandale Elementary,1,1,11,10,101,102,147,112,88,64,0,0,8,8,653,152,259,203,2,21,0,16,0.232771822,1
2017,320325,320,Durham County Schools,325,Hillside High,2,1,3,0,115,112,469,543,18,5,0,0,9,11,1288,23,1012,227,3,3,0,20,0.017857143,1
2017,320327,320,Durham County Schools,327,Hope Valley Elementary,2,1,9,3,96,125,113,108,70,78,0,0,11,10,626,148,221,221,3,12,0,21,0.236421725,1
2017,320328,320,Durham County Schools,328,Holt Elementary,2,1,3,4,165,194,124,103,24,16,0,2,6,12,656,40,227,359,3,7,2,18,0.06097561,1
2017,320332,320,Durham County Schools,332,Forest View Elementary,0,2,20,20,120,139,86,100,111,103,0,0,20,16,737,214,186,259,2,40,0,36,0.29036635,1
2017,320336,320,Durham County Schools,336,DPS Hospital School,0,0,2,1,0,3,2,2,8,12,0,0,0,0,30,20,4,3,0,3,0,0,0.666666667,0
2017,320338,320,Durham County Schools,338,James E Shepard Middle,1,0,2,2,67,75,141,152,2,2,0,0,5,3,452,4,293,142,1,4,0,8,0.008849558,1
2017,320339,320,Durham County Schools,339,Lakewood Elementary,2,0,9,7,122,117,96,84,5,5,0,0,2,1,450,10,180,239,2,16,0,3,0.022222222,1
2017,320340,320,Durham County Schools,340,Little River Elementary,2,1,4,5,28,37,68,67,132,106,0,1,10,13,474,238,135,65,3,9,1,23,0.502109705,0
2017,320341,320,Durham County Schools,341,Lakeview School,0,0,0,0,3,2,21,2,0,0,0,0,2,0,30,0,23,5,0,0,0,2,0,1
2017,320342,320,Durham County Schools,342,Lakewood Montessori Middle,0,0,4,6,43,35,39,25,58,63,0,0,10,12,295,121,64,78,0,10,0,22,0.410169492,1
2017,320343,320,Durham County Schools,343,Lucas Middle,1,0,2,5,60,83,127,127,53,54,0,0,8,11,531,107,254,143,1,7,0,19,0.201506591,1
2017,320344,320,Durham County Schools,344,Fayetteville Street Elementary,1,0,0,0,49,43,95,94,3,0,0,0,1,1,287,3,189,92,1,0,0,2,0.010452962,1
2017,320346,320,Durham County Schools,346,Lowe's Grove Middle,0,2,7,2,82,91,192,181,14,15,0,0,7,8,601,29,373,173,2,9,0,15,0.048252912,1
2017,320347,320,Durham County Schools,347,George Watts Elementary,0,0,2,0,55,55,34,27,83,77,0,0,7,10,350,160,61,110,0,2,0,17,0.457142857,1
2017,320348,320,Durham County Schools,348,Mangum Elementary,1,0,0,2,9,10,15,13,132,122,0,0,2,1,307,254,28,19,1,2,0,3,0.827361564,0
2017,320352,320,Durham County Schools,352,Merrick-Moore Elementary,1,0,2,1,146,112,145,161,21,14,0,0,3,1,607,35,306,258,1,3,0,4,0.057660626,1
2017,320353,320,Durham County Schools,353,Middle College HS @ DTCC,0,0,1,3,18,33,11,36,26,27,0,0,3,3,161,53,47,51,0,4,0,6,0.329192547,1
2017,320354,320,Durham County Schools,354,Morehead Montessori,0,0,5,2,19,31,40,24,51,48,0,0,4,2,226,99,64,50,0,7,0,6,0.438053097,1
2017,320355,320,Durham County Schools,355,Neal Middle,1,0,5,3,176,131,189,185,21,20,0,3,11,14,759,41,374,307,1,8,3,25,0.054018445,1
2017,320356,320,Durham County Schools,356,Northern High,1,1,10,8,195,175,381,356,156,166,0,1,28,25,1503,322,737,370,2,18,1,53,0.21423819,1
2017,320360,320,Durham County Schools,360,Oak Grove Elementary,2,1,2,3,112,105,171,162,22,13,0,1,3,6,603,35,333,217,3,5,1,9,0.058043118,1
2017,320362,320,Durham County Schools,362,Parkwood Elementary,0,0,15,11,70,51,177,145,34,25,0,0,14,15,557,59,322,121,0,26,0,29,0.105924596,1
2017,320363,320,Durham County Schools,363,E K Powe Elementary,1,1,3,3,65,65,53,83,94,91,0,0,8,9,476,185,136,130,2,6,0,17,0.388655462,1
2017,320364,320,Durham County Schools,364,Pearsontown Elementary,1,2,21,18,42,41,196,171,152,115,0,0,27,23,809,267,367,83,3,39,0,50,0.330037083,1
2017,320365,320,Durham County Schools,365,Riverside High,4,1,24,17,323,244,400,347,247,169,1,1,26,23,1827,416,747,567,5,41,2,49,0.227695676,1
2017,320366,320,Durham County Schools,366,Sherwood Githens Middle,5,4,20,17,125,126,217,206,103,64,0,0,18,18,923,167,423,251,9,37,0,36,0.180931744,1
2017,320367,320,Durham County Schools,367,R N Harris Elementary,0,0,1,1,75,81,68,82,2,2,0,0,1,4,317,4,150,156,0,2,0,5,0.012618297,1
2017,320368,320,Durham County Schools,368,Southern School of Energy and Sustainabi,1,0,9,3,272,196,508,394,28,20,0,0,14,17,1462,48,902,468,1,12,0,31,0.032831737,1
2017,320369,320,Durham County Schools,369,Sandy Ridge Elementary,1,0,3,4,77,94,156,181,31,32,0,0,8,10,597,63,337,171,1,7,0,18,0.105527638,1
2017,320370,320,Durham County Schools,370,Rogers-Herr Middle,0,0,12,11,81,71,150,144,91,46,0,0,13,14,633,137,294,152,0,23,0,27,0.2164297,1
2017,320372,320,Durham County Schools,372,Southwest Elementary,2,1,14,14,77,74,174,157,56,46,1,0,13,7,636,102,331,151,3,28,1,20,0.160377358,1
2017,320374,320,Durham County Schools,374,C C Spaulding Elementary,0,0,2,2,18,21,109,108,2,1,0,0,3,2,268,3,217,39,0,4,0,5,0.01119403,1
2017,320376,320,Durham County Schools,376,Spring Valley Elementary,0,0,5,4,92,61,157,136,28,38,0,0,7,8,536,66,293,153,0,9,0,15,0.123134328,1
2017,320388,320,Durham County Schools,388,W G Pearson Elementary,1,2,2,3,66,88,153,148,3,3,0,1,1,7,478,6,301,154,3,5,1,8,0.012552301,1
2017,320400,320,Durham County Schools,400,Y E Smith Elementary,0,0,6,2,88,96,92,90,2,5,0,0,4,1,386,7,182,184,0,8,0,5,0.018134715,1
2017,320701,320,Durham County Schools,701,Hillside New Tech High,0,0,0,0,19,7,108,70,5,0,1,0,0,0,210,5,178,26,0,0,1,0,0.023809524,1
2017,330304,330,Edgecombe County Schools,304,G W Bulluck Elementary,0,1,0,0,19,16,217,166,108,129,0,0,13,9,678,237,383,35,1,0,0,22,0.349557522,1
2017,330308,330,Edgecombe County Schools,308,G W Carver Elementary,0,1,1,1,44,39,139,130,162,159,0,1,16,8,701,321,269,83,1,2,1,24,0.457917261,1
2017,330312,330,Edgecombe County Schools,312,Coker-Wimberly Elementary,0,0,0,0,26,32,99,91,11,12,0,0,1,6,278,23,190,58,0,0,0,7,0.082733813,1
2017,330326,330,Edgecombe County Schools,326,Edgecombe Early College High,0,0,0,1,11,6,8,22,44,66,0,0,1,0,159,110,30,17,0,1,0,1,0.691823899,0
2017,330328,330,Edgecombe County Schools,328,North Edgecombe High,0,1,0,0,23,16,100,87,8,7,0,0,1,0,243,15,187,39,1,0,0,1,0.061728395,1
2017,330332,330,Edgecombe County Schools,332,Phillips Middle,0,0,0,0,7,6,57,43,4,4,0,0,1,0,122,8,100,13,0,0,0,1,0.06557377,1
2017,330334,330,Edgecombe County Schools,334,Princeville Elementary,0,0,0,0,20,15,101,82,5,5,0,0,2,1,231,10,183,35,0,0,0,3,0.043290043,1
2017,330340,330,Edgecombe County Schools,340,South Edgecombe Middle,0,0,1,2,24,21,64,63,98,106,0,1,3,3,386,204,127,45,0,3,1,6,0.528497409,0
2017,330344,330,Edgecombe County Schools,344,W A Pattillo Middle,1,2,0,0,13,5,98,123,19,10,0,0,0,1,272,29,221,18,3,0,0,1,0.106617647,1
2017,491306,491,Mooresville City Schools,306,Mooresville Intermediate,0,0,13,4,52,52,55,57,259,232,1,0,16,28,769,491,112,104,0,17,1,44,0.638491547,0
2017,491308,491,Mooresville City Schools,308,Mooresville Middle,2,4,11,6,51,42,88,68,352,303,2,3,11,21,964,655,156,93,6,17,5,32,0.679460581,0
2017,491312,491,Mooresville City Schools,312,Mooresville Senior High,0,1,9,18,93,63,140,133,676,668,0,1,44,30,1876,1344,273,156,1,27,1,74,0.71641791,0
2017,491316,491,Mooresville City Schools,316,Park View Elementary,5,1,3,4,38,39,60,66,164,175,0,1,19,29,604,339,126,77,6,7,1,48,0.561258278,0
2017,491318,491,Mooresville City Schools,318,Rocky River Elementary,2,3,5,5,24,21,19,19,254,227,0,0,22,19,620,481,38,45,5,10,0,41,0.775806452,0
2017,491320,491,Mooresville City Schools,320,South Elementary,2,3,16,6,48,36,56,48,132,139,0,0,19,23,528,271,104,84,5,22,0,42,0.513257576,0
2017,500302,500,Jackson County Schools,302,Blue Ridge Early College,0,1,1,0,24,23,0,1,68,64,0,0,0,1,183,132,1,47,1,1,0,1,0.721311475,0
2017,500304,500,Jackson County Schools,304,Cullowhee Valley School,6,7,6,5,79,66,4,0,224,194,0,1,10,9,611,418,4,145,13,11,1,19,0.684124386,0
2017,500314,500,Jackson County Schools,314,Fairview Elementary,15,12,6,14,43,48,11,3,348,307,0,0,18,19,844,655,14,91,27,20,0,37,0.776066351,0
2017,500316,500,Jackson County Schools,316,Blue Ridge School,0,3,0,0,32,22,0,0,63,55,0,0,0,4,179,118,0,54,3,0,0,4,0.659217877,0
2017,500323,500,Jackson County Schools,323,Jackson Co Early College,3,9,4,2,4,7,0,0,40,62,0,2,0,1,134,102,0,11,12,6,2,1,0.76119403,0
2017,500324,500,Jackson County Schools,324,Jackson Co Sch of Alternatives,9,9,1,0,5,3,1,1,38,21,0,0,2,1,91,59,2,8,18,1,0,3,0.648351648,0
2017,500332,500,Jackson County Schools,332,Scotts Creek Elementary,5,15,4,1,18,21,8,3,201,171,0,0,11,9,467,372,11,39,20,5,0,20,0.796573876,0
2017,500337,500,Jackson County Schools,337,Smokey Mountain Elementary,71,62,4,4,26,27,4,2,80,90,1,1,5,3,380,170,6,53,133,8,2,8,0.447368421,1
2017,500340,500,Jackson County Schools,340,Smoky Mountain High,25,31,5,2,45,29,12,7,370,335,0,0,14,8,883,705,19,74,56,7,0,22,0.798414496,0
2017,510308,510,Johnston County Schools,308,Benson Elementary,1,1,0,0,101,105,46,55,145,122,0,0,18,12,606,267,101,206,2,0,0,30,0.440594059,1
2017,510310,510,Johnston County Schools,310,Benson Middle,3,1,0,0,94,62,37,36,130,107,0,0,9,8,487,237,73,156,4,0,0,17,0.486652977,1
2017,510324,510,Johnston County Schools,324,Clayton High,2,3,6,9,134,106,206,221,457,437,1,1,31,33,1647,894,427,240,5,15,2,64,0.5428051,0
2017,510325,510,Johnston County Schools,325,Johnston County Schools Career Technical,0,0,0,1,6,11,3,11,10,18,0,0,0,1,61,28,14,17,0,1,0,1,0.459016393,1
2017,510326,510,Johnston County Schools,326,West Clayton Elementary,0,2,4,6,123,127,78,60,234,232,2,0,18,12,898,466,138,250,2,10,2,30,0.518930958,0
2017,510327,510,Johnston County Schools,327,Cleveland High,9,3,10,6,112,92,145,141,559,500,0,0,35,45,1657,1059,286,204,12,16,0,80,0.63910682,0
2017,510328,510,Johnston County Schools,328,Cleveland Elementary,0,3,4,3,54,56,57,58,269,257,1,0,15,8,785,526,115,110,3,7,1,23,0.670063694,0
2017,510329,510,Johnston County Schools,329,Cleveland Middle,4,5,11,5,71,64,85,77,405,401,2,2,26,19,1177,806,162,135,9,16,4,45,0.684791844,0
2017,510330,510,Johnston County Schools,330,Cooper Elementary,2,0,4,2,72,68,90,111,104,81,0,0,15,13,562,185,201,140,2,6,0,28,0.329181495,1
2017,510332,510,Johnston County Schools,332,Corinth-Holders Elementary,0,0,0,0,107,78,47,43,156,127,0,0,8,3,569,283,90,185,0,0,0,11,0.497363796,1
2017,510333,510,Johnston County Schools,333,Corinth Holders High,3,3,10,7,146,110,100,92,676,595,0,1,26,28,1797,1271,192,256,6,17,1,54,0.707289928,0
2017,510334,510,Johnston County Schools,334,Dixon Road Elementary,1,0,1,1,52,49,24,27,197,194,0,0,8,11,565,391,51,101,1,2,0,19,0.692035398,0
2017,510336,510,Johnston County Schools,336,East Clayton Elementary,2,1,2,6,57,50,57,52,187,152,0,0,15,7,588,339,109,107,3,8,0,22,0.576530612,0
2017,510340,510,Johnston County Schools,340,Four Oaks Elementary,3,0,1,0,180,145,57,60,297,280,0,0,16,31,1070,577,117,325,3,1,0,47,0.539252336,0
2017,510342,510,Johnston County Schools,342,Four Oaks Middle,0,0,0,1,79,64,27,30,161,144,1,0,7,9,523,305,57,143,0,1,1,16,0.583173996,0
2017,510343,510,Johnston County Schools,343,Micro Elementary,1,0,0,0,66,53,14,24,81,75,0,0,5,5,324,156,38,119,1,0,0,10,0.481481481,1
2017,510344,510,Johnston County Schools,344,North Johnston Middle,0,3,0,2,92,93,38,37,178,165,0,0,9,11,628,343,75,185,3,2,0,20,0.546178344,0
2017,510356,510,Johnston County Schools,356,Glendale-Kenly Elementary,0,0,0,1,67,75,46,37,149,141,1,0,6,9,532,290,83,142,0,1,1,15,0.545112782,0
2017,510357,510,Johnston County Schools,357,Johnston Co Middle College,0,1,0,1,3,12,2,13,30,60,0,0,1,2,125,90,15,15,1,1,0,3,0.72,0
2017,510358,510,Johnston County Schools,358,McGee's Crossroads Elem,2,2,3,2,99,100,40,44,297,263,0,0,12,8,872,560,84,199,4,5,0,20,0.642201835,0
2017,510359,510,Johnston County Schools,359,McGee's Crossroads Middle,0,3,2,3,74,85,48,43,284,279,0,0,17,16,854,563,91,159,3,5,0,33,0.659250585,0
2017,510360,510,Johnston County Schools,360,Meadow School,3,0,0,1,81,56,19,17,202,208,0,0,15,10,612,410,36,137,3,1,0,25,0.669934641,0
2017,510364,510,Johnston County Schools,364,Archer Lodge Middle,3,0,4,4,97,88,62,70,371,336,0,0,11,12,1058,707,132,185,3,8,0,23,0.668241966,0
2017,510367,510,Johnston County Schools,367,Johnston Co Early College Academy,1,1,0,3,28,57,9,19,43,71,0,0,1,7,240,114,28,85,2,3,0,8,0.475,1
2017,510368,510,Johnston County Schools,368,North Johnston High,0,2,4,1,89,95,69,47,275,222,0,0,11,4,819,497,116,184,2,5,0,15,0.606837607,0
2017,510372,510,Johnston County Schools,372,Pine Level Elementary,1,0,0,0,64,67,15,10,122,108,0,0,5,2,394,230,25,131,1,0,0,7,0.583756345,0
2017,510373,510,Johnston County Schools,373,Powhatan Elementary,0,0,2,5,25,43,41,27,271,211,1,0,12,13,651,482,68,68,0,7,1,25,0.740399386,0
2017,510374,510,Johnston County Schools,374,Princeton Elementary,0,0,3,1,60,58,29,35,281,240,0,0,11,12,730,521,64,118,0,4,0,23,0.71369863,0
2017,510376,510,Johnston County Schools,376,Princeton High,0,0,2,2,73,67,56,41,347,347,0,0,16,13,964,694,97,140,0,4,0,29,0.719917012,0
2017,510377,510,Johnston County Schools,377,River Dell Elementary,2,2,4,10,50,41,42,40,387,378,0,0,12,16,984,765,82,91,4,14,0,28,0.777439024,0
2017,510378,510,Johnston County Schools,378,Riverwood Elementary,1,1,3,2,57,61,29,42,315,308,1,1,11,15,847,623,71,118,2,5,2,26,0.73553719,0
2017,510379,510,Johnston County Schools,379,Riverwood Middle,2,3,3,14,70,63,96,119,404,386,2,0,25,28,1215,790,215,133,5,17,2,53,0.650205761,0
2017,510380,510,Johnston County Schools,380,South Campus Community High,0,0,0,0,2,0,7,3,8,1,0,0,0,0,21,9,10,2,0,0,0,0,0.428571429,1
2017,510381,510,Johnston County Schools,381,South Campus Community Middle,0,0,0,0,1,0,4,3,3,0,0,0,1,0,12,3,7,1,0,0,0,1,0.25,1
2017,510388,510,Johnston County Schools,388,Selma Elementary,0,0,2,1,199,221,129,132,46,36,1,0,16,9,792,82,261,420,0,3,1,25,0.103535354,1
2017,510390,510,Johnston County Schools,390,Selma Middle School,0,2,0,0,153,146,99,76,40,27,1,0,3,4,551,67,175,299,2,0,1,7,0.121597096,1
2017,510396,510,Johnston County Schools,396,West Smithfield Elementary,0,0,1,4,126,137,72,69,29,31,0,0,5,8,482,60,141,263,0,5,0,13,0.124481328,1
2017,510397,510,Johnston County Schools,397,Smithfield Middle,2,1,1,2,146,149,99,86,99,42,2,0,15,12,656,141,185,295,3,3,2,27,0.214939024,1
2017,510399,510,Johnston County Schools,399,Smithfield-Selma High,2,0,5,5,261,239,176,181,183,189,1,2,18,17,1279,372,357,500,2,10,3,35,0.290852228,1
2017,510402,510,Johnston County Schools,402,South Johnston High,3,6,0,1,141,146,87,58,366,392,0,1,16,14,1231,758,145,287,9,1,1,30,0.615759545,0
2017,510404,510,Johnston County Schools,404,South Smithfield Elementary,1,2,4,1,96,114,87,60,74,54,0,0,3,6,502,128,147,210,3,5,0,9,0.25498008,1
2017,510406,510,Johnston County Schools,406,West Johnston High,5,2,1,2,131,116,88,66,468,480,1,0,22,21,1403,948,154,247,7,3,1,43,0.675694939,0
2017,510408,510,Johnston County Schools,408,Wilson's Mills Elementary,1,0,0,1,116,105,52,79,65,75,1,1,11,9,516,140,131,221,1,1,2,20,0.271317829,1
2017,510410,510,Johnston County Schools,410,Polenta Elementary,1,1,1,1,90,110,77,51,367,334,0,0,16,10,1059,701,128,200,2,2,0,26,0.661945231,0
2017,510412,510,Johnston County Schools,412,Clayton Middle,3,1,3,3,90,64,89,60,208,190,1,1,19,12,744,398,149,154,4,6,2,31,0.534946237,0
2017,510414,510,Johnston County Schools,414,West View Elementary,6,2,6,6,66,78,80,71,333,317,0,3,10,21,999,650,151,144,8,12,3,31,0.650650651,0
2017,520304,520,Jones County Schools,304,Pollocksville Elementary,0,0,0,0,8,5,27,24,41,30,0,0,6,5,146,71,51,13,0,0,0,11,0.48630137,1
2017,520308,520,Jones County Schools,308,Comfort Elementary,0,0,0,0,4,15,8,9,54,49,0,0,8,2,149,103,17,19,0,0,0,10,0.691275168,0
2017,520320,520,Jones County Schools,320,Jones Senior High,1,0,0,1,7,15,73,71,79,78,0,0,4,1,330,157,144,22,1,1,0,5,0.475757576,1
2017,520324,520,Jones County Schools,324,Jones Middle,1,0,0,0,3,5,38,34,33,39,0,0,2,1,156,72,72,8,1,0,0,3,0.461538462,1
2017,520328,520,Jones County Schools,328,Maysville Elementary,0,0,0,0,6,4,31,26,28,27,1,0,2,3,128,55,57,10,0,0,1,5,0.4296875,1
2017,700306,700,Pasquotank County Schools,306,Central Elementary,1,0,3,3,13,10,89,78,122,115,0,1,3,3,441,237,167,23,1,6,1,6,0.537414966,0
2017,700308,700,Pasquotank County Schools,308,Elizabeth City Middle,0,2,4,2,24,26,135,131,154,144,2,0,14,14,652,298,266,50,2,6,2,28,0.457055215,1
2017,700310,700,Pasquotank County Schools,310,H L Trigg Community,0,0,0,0,1,0,19,10,7,1,0,0,1,1,40,8,29,1,0,0,0,2,0.2,1
2017,700314,700,Pasquotank County Schools,314,Northside Elementary,1,0,0,1,13,9,70,70,166,142,0,0,17,10,499,308,140,22,1,1,0,27,0.617234469,0
2017,700316,700,Pasquotank County Schools,316,J C Sawyer Elementary,0,1,2,0,9,22,141,111,81,76,1,0,12,12,468,157,252,31,1,2,1,24,0.335470085,1
2017,700317,700,Pasquotank County Schools,317,Northeastern High,2,2,5,2,18,22,193,196,165,177,0,0,18,16,816,342,389,40,4,7,0,34,0.419117647,1
2017,700318,700,Pasquotank County Schools,318,Pasquotank Elementary,0,1,0,1,35,26,102,79,57,42,0,0,7,3,353,99,181,61,1,1,0,10,0.280453258,1
2017,700319,700,Pasquotank County Schools,319,Pasquotank County High,2,1,10,2,21,21,175,168,179,192,1,2,11,14,799,371,343,42,3,12,3,25,0.464330413,1
2017,700320,700,Pasquotank County Schools,320,P W Moore Elementary,1,0,2,3,17,18,119,128,40,39,0,0,14,3,384,79,247,35,1,5,0,17,0.205729167,1
2017,700322,700,Pasquotank County Schools,322,River Road Middle,1,1,3,1,31,19,146,130,119,90,1,0,12,12,566,209,276,50,2,4,1,24,0.369257951,1
2017,700324,700,Pasquotank County Schools,324,Sheep-Harney Elementary,0,0,0,0,24,28,95,89,49,53,0,0,16,19,373,102,184,52,0,0,0,35,0.273458445,1
2017,700328,700,Pasquotank County Schools,328,Weeksville Elementary,1,0,2,1,12,12,35,47,79,102,0,0,7,14,312,181,82,24,1,3,0,21,0.580128205,0
2017,710312,710,Pender County Schools,312,Burgaw Elementary,1,1,1,0,47,49,101,90,118,89,0,0,19,25,541,207,191,96,2,1,0,44,0.382624769,1
2017,710316,710,Pender County Schools,316,Burgaw Middle,0,0,0,0,21,23,48,50,67,38,0,0,4,3,254,105,98,44,0,0,0,7,0.413385827,1
2017,710318,710,Pender County Schools,318,Cape Fear Elementary,2,2,0,0,51,52,48,34,135,135,0,0,14,6,479,270,82,103,4,0,0,20,0.563674322,0
2017,710320,710,Pender County Schools,320,Cape Fear Middle,1,2,0,1,73,55,39,27,137,132,1,0,7,9,484,269,66,128,3,1,1,16,0.555785124,0
2017,710321,710,Pender County Schools,321,Heide Trask High,3,1,0,0,86,73,85,82,230,172,0,1,15,16,764,402,167,159,4,0,1,31,0.52617801,0
2017,710323,710,Pender County Schools,323,North Topsail Elementary,1,1,2,3,7,22,10,5,335,330,0,0,12,13,741,665,15,29,2,5,0,25,0.897435897,0
2017,710324,710,Pender County Schools,324,Malpass Corner Elementary,1,1,1,1,43,37,105,63,83,77,0,0,6,17,435,160,168,80,2,2,0,23,0.367816092,1
2017,710326,710,Pender County Schools,326,Pender High,3,1,1,1,46,40,89,110,148,140,0,0,6,14,599,288,199,86,4,2,0,20,0.480801336,1
2017,710327,710,Pender County Schools,327,Pender Early College High,0,0,0,0,15,21,9,18,63,82,0,0,1,3,212,145,27,36,0,0,0,4,0.683962264,0
2017,710328,710,Pender County Schools,328,Penderlea Elementary,4,0,0,1,30,22,36,47,186,159,0,0,8,6,499,345,83,52,4,1,0,14,0.691382766,0
2017,710332,710,Pender County Schools,332,Rocky Point Elementary,0,1,0,0,82,94,22,19,93,89,0,0,2,5,407,182,41,176,1,0,0,7,0.447174447,1
2017,710342,710,Pender County Schools,342,Topsail High,6,1,4,7,51,34,26,29,628,580,0,1,13,15,1395,1208,55,85,7,11,1,28,0.865949821,0
2017,710344,710,Pender County Schools,344,Topsail Elementary,1,0,2,1,11,18,18,11,260,224,0,2,18,15,581,484,29,29,1,3,2,33,0.833046472,0
2017,710346,710,Pender County Schools,346,Topsail Middle,2,0,5,6,20,28,15,11,497,425,0,0,14,15,1038,922,26,48,2,11,0,29,0.888246628,0
2017,710347,710,Pender County Schools,347,South Topsail Elementary,2,2,7,5,23,29,3,3,281,305,0,0,11,5,676,586,6,52,4,12,0,16,0.866863905,0
2017,710348,710,Pender County Schools,348,West Pender Middle,0,0,0,0,19,15,26,42,32,25,0,0,3,5,167,57,68,34,0,0,0,8,0.341317365,1
2017,720304,720,Perquimans County Schools,304,Perquimans Central,0,0,0,0,16,7,56,36,118,132,1,0,6,7,379,250,92,23,0,0,1,13,0.659630607,0
2017,720312,720,Perquimans County Schools,312,Hertford Grammar,0,0,1,1,8,9,56,46,137,142,0,0,5,13,418,279,102,17,0,2,0,18,0.667464115,0
2017,720316,720,Perquimans County Schools,316,Perquimans County High,0,0,0,1,6,9,71,72,178,144,0,0,3,7,491,322,143,15,0,1,0,10,0.655804481,0
2017,720320,720,Perquimans County Schools,320,Perquimans County Middle,0,0,0,0,5,3,40,54,126,110,0,0,8,3,349,236,94,8,0,0,0,11,0.676217765,0
2017,730332,730,Person County Schools,332,Helena Elementary,1,0,1,0,12,22,46,36,228,214,0,1,23,21,605,442,82,34,1,1,1,44,0.730578512,0
2017,730334,730,Person County Schools,334,North Elementary,0,0,0,0,11,15,43,47,17,16,0,0,3,6,158,33,90,26,0,0,0,9,0.208860759,1
2017,730340,730,Person County Schools,340,North End Elementary,2,2,0,0,12,8,61,48,61,47,0,0,2,5,248,108,109,20,4,0,0,7,0.435483871,1
2017,730344,730,Person County Schools,344,Northern Middle,3,0,0,1,30,12,103,99,106,100,0,0,14,14,482,206,202,42,3,1,0,28,0.427385892,1
2017,730348,730,Person County Schools,348,Oak Lane Elementary,0,1,0,0,8,14,23,28,82,73,0,0,5,9,243,155,51,22,1,0,0,14,0.637860082,0
2017,730350,730,Person County Schools,350,Person Early College Innovation & Ldrshp,1,0,0,0,2,2,4,10,14,14,0,0,0,0,47,28,14,4,1,0,0,0,0.595744681,0
2017,730352,730,Person County Schools,352,Person High,3,4,5,1,67,53,246,244,369,268,0,0,38,29,1327,637,490,120,7,6,0,67,0.480030143,1
2017,730354,730,Person County Schools,354,Stories Creek Elementary,0,0,6,2,14,16,112,121,111,98,0,1,3,5,489,209,233,30,0,8,1,8,0.427402863,1
2017,730356,730,Person County Schools,356,South Elementary,0,0,0,0,26,35,91,73,29,25,0,0,3,1,283,54,164,61,0,0,0,4,0.190812721,1
2017,730360,730,Person County Schools,360,Southern Middle,3,2,0,0,25,15,69,53,158,125,0,0,16,12,478,283,122,40,5,0,0,28,0.592050209,0
2017,730368,730,Person County Schools,368,Woodland Elementary,0,1,2,0,3,4,23,21,60,76,0,0,2,5,197,136,44,7,1,2,0,7,0.69035533,0
2017,740302,740,Pitt County Schools,302,A G Cox Middle,0,1,6,5,13,22,201,187,153,149,0,0,18,17,772,302,388,35,1,11,0,35,0.39119171,1
2017,740304,740,Pitt County Schools,304,Ayden Elementary,1,0,2,3,39,36,142,122,137,173,0,0,15,14,684,310,264,75,1,5,0,29,0.453216374,1
2017,740308,740,Pitt County Schools,308,Ayden Middle,1,0,0,2,24,21,58,56,84,73,0,0,6,4,329,157,114,45,1,2,0,10,0.477203647,1
2017,740309,740,Pitt County Schools,309,Ayden-Grifton High,1,0,1,1,43,39,162,123,158,165,0,0,7,8,708,323,285,82,1,2,0,15,0.456214689,1
2017,740310,740,Pitt County Schools,310,Belvoir Elementary,0,0,0,0,117,123,83,91,11,7,0,0,2,6,440,18,174,240,0,0,0,8,0.040909091,1
2017,740320,740,Pitt County Schools,320,Bethel Elementary,0,0,0,0,15,11,76,70,61,52,0,0,3,4,292,113,146,26,0,0,0,7,0.386986301,1
2017,740324,740,Pitt County Schools,324,C M Eppes Middle,0,0,3,4,14,10,180,196,43,47,0,0,10,14,521,90,376,24,0,7,0,24,0.172744722,1
2017,740330,740,Pitt County Schools,330,Creekside Elementary,1,2,0,3,24,20,176,172,102,84,0,0,19,15,618,186,348,44,3,3,0,34,0.300970874,1
2017,740332,740,Pitt County Schools,332,Chicod,0,1,0,0,57,49,44,42,353,341,0,0,16,13,916,694,86,106,1,0,0,29,0.757641921,0
2017,740333,740,Pitt County Schools,333,D H Conley High,4,1,13,21,103,77,196,178,528,500,1,0,26,20,1668,1028,374,180,5,34,1,46,0.616306954,0
2017,740334,740,Pitt County Schools,334,Falkland Elementary,0,1,1,0,16,14,142,134,23,20,0,1,8,1,361,43,276,30,1,1,1,9,0.119113573,1
2017,740336,740,Pitt County Schools,336,Eastern Elementary,1,0,8,2,39,39,185,154,137,133,2,0,26,24,750,270,339,78,1,10,2,50,0.36,1
2017,740337,740,Pitt County Schools,337,E B Aycock Middle,1,0,2,9,11,28,234,258,117,82,0,0,12,19,773,199,492,39,1,11,0,31,0.257438551,1
2017,740338,740,Pitt County Schools,338,Elmhurst Elementary,0,0,4,6,15,13,150,114,39,29,0,0,19,17,406,68,264,28,0,10,0,36,0.167487685,1
2017,740340,740,Pitt County Schools,340,Farmville Middle,0,2,3,2,36,29,197,161,110,91,0,0,7,9,647,201,358,65,2,5,0,16,0.310664606,1
2017,740344,740,Pitt County Schools,344,Farmville Central High,0,0,0,0,29,29,213,225,129,96,1,1,4,5,732,225,438,58,0,0,2,9,0.307377049,1
2017,740352,740,Pitt County Schools,352,Grifton,0,0,2,2,57,52,103,86,89,74,0,0,13,10,488,163,189,109,0,4,0,23,0.334016393,1
2017,740358,740,Pitt County Schools,358,G R Whitfield,1,1,0,1,54,43,64,65,123,121,0,0,7,2,482,244,129,97,2,1,0,9,0.506224066,0
2017,740360,740,Pitt County Schools,360,H B Sugg Elementary,0,0,1,1,24,37,90,83,73,64,0,0,10,6,389,137,173,61,0,2,0,16,0.35218509,1
2017,740362,740,Pitt County Schools,362,Hope Middle,1,0,17,19,26,23,91,90,239,227,1,1,11,16,762,466,181,49,1,36,2,27,0.611548556,0
2017,740366,740,Pitt County Schools,366,Junius H Rose High,0,5,25,22,49,46,445,394,276,232,0,1,15,17,1527,508,839,95,5,47,1,32,0.332678454,1
2017,740368,740,Pitt County Schools,368,Lakeforest Elementary,3,0,1,1,15,24,331,325,32,19,0,0,23,21,795,51,656,39,3,2,0,44,0.064150943,1
2017,740374,740,Pitt County Schools,374,North Pitt High,0,0,0,0,117,114,254,235,117,103,0,0,11,11,962,220,489,231,0,0,0,22,0.228690229,1
2017,740375,740,Pitt County Schools,375,Northwest Elementary,0,1,0,0,58,48,102,100,29,24,1,1,9,9,382,53,202,106,1,0,2,18,0.138743455,1
2017,740376,740,Pitt County Schools,376,Pactolus,1,1,2,1,107,94,114,99,60,43,0,0,4,9,535,103,213,201,2,3,0,13,0.192523364,1
2017,740378,740,Pitt County Schools,378,Vidant  Health/ Sadie Saulter,0,0,0,0,4,1,12,7,11,2,0,0,0,0,37,13,19,5,0,0,0,0,0.351351351,1
2017,920601,920,Wake County Schools,601,Wendell Middle,2,2,15,6,161,139,157,155,137,115,0,1,29,23,942,252,312,300,4,21,1,52,0.267515924,1
2017,920604,920,Wake County Schools,604,West Cary Middle,3,1,122,143,43,47,88,80,170,165,1,1,18,22,904,335,168,90,4,265,2,40,0.370575221,1
2017,920606,920,Wake County Schools,606,West Lake Elementary,0,1,17,13,78,66,34,28,340,318,0,1,8,15,919,658,62,144,1,30,1,23,0.715995647,0
2017,920607,920,Wake County Schools,607,West Lake Middle,2,1,9,12,83,103,104,67,438,405,0,0,16,19,1259,843,171,186,3,21,0,35,0.669579031,0
2017,920608,920,Wake County Schools,608,West Millbrook Middle,1,1,10,11,113,123,120,119,188,181,1,0,15,16,899,369,239,236,2,21,1,31,0.410456062,1
2017,920614,920,Wake County Schools,614,White Oak Elementary,0,1,59,73,15,18,32,23,83,80,0,0,10,12,406,163,55,33,1,132,0,22,0.401477833,1
2017,920616,920,Wake County Schools,616,Wilburn Elementary,2,0,18,12,135,103,129,130,37,30,0,1,11,16,624,67,259,238,2,30,1,27,0.107371795,1
2017,920618,920,Wake County Schools,618,Wildwood Forest Elementary,0,2,21,30,116,93,166,143,68,46,1,1,14,15,716,114,309,209,2,51,2,29,0.159217877,1
2017,920620,920,Wake County Schools,620,Wiley Elementary,0,0,8,6,43,37,49,63,132,108,0,0,17,15,478,240,112,80,0,14,0,32,0.50209205,0
2017,920624,920,Wake County Schools,624,Willow Springs Elementary,2,1,1,5,68,81,34,35,415,392,1,1,19,18,1073,807,69,149,3,6,2,37,0.752096925,0
2017,920626,920,Wake County Schools,626,Yates Mill Elementary,0,0,9,4,132,111,64,53,121,100,0,0,5,15,614,221,117,243,0,13,0,20,0.359934853,1
2017,920628,920,Wake County Schools,628,York Elementary,0,0,4,4,38,52,47,50,115,85,0,0,5,11,411,200,97,90,0,8,0,16,0.486618005,1
2017,920632,920,Wake County Schools,632,Zebulon Elementary,2,0,2,1,79,85,79,93,89,84,0,0,14,8,536,173,172,164,2,3,0,22,0.322761194,1
2017,920636,920,Wake County Schools,636,Zebulon Middle,2,0,2,3,87,80,126,111,61,71,0,0,11,17,571,132,237,167,2,5,0,28,0.23117338,1
2017,930330,930,Warren County Schools,330,Mariam Boyd Elementary,1,1,0,1,24,15,127,125,12,14,0,0,6,3,329,26,252,39,2,1,0,9,0.079027356,1
2017,930340,930,Warren County Schools,340,Northside K-8,3,5,0,1,12,15,120,133,42,39,1,0,5,4,380,81,253,27,8,1,1,9,0.213157895,1
2017,930344,930,Warren County Schools,344,South Warren Elementary,1,1,0,0,9,4,53,72,10,9,0,0,5,3,167,19,125,13,2,0,0,8,0.113772455,1
2017,930348,930,Warren County Schools,348,Vaughan Elementary,25,20,0,0,5,8,37,40,48,33,0,0,6,3,225,81,77,13,45,0,0,9,0.36,1
2017,930352,930,Warren County Schools,352,Warren County High,7,16,0,0,14,9,163,147,14,17,0,0,4,2,393,31,310,23,23,0,0,6,0.078880407,1
2017,930354,930,Warren County Schools,354,Warren County Middle,12,24,0,0,17,15,129,119,30,22,0,0,4,2,374,52,248,32,36,0,0,6,0.139037433,1
2017,930360,930,Warren County Schools,360,Warren Early College High,6,4,1,1,10,7,15,29,10,18,0,0,1,5,107,28,44,17,10,2,0,6,0.261682243,1
2017,930700,930,Warren County Schools,700,Warren New Tech High,5,7,0,0,9,2,54,40,23,22,0,0,3,1,166,45,94,11,12,0,0,4,0.271084337,1
2017,940306,940,Washington County Schools,306,Creswell Elementary,0,0,0,1,23,16,31,26,37,36,0,0,5,5,180,73,57,39,0,1,0,10,0.405555556,1
2017,940308,940,Washington County Schools,308,Creswell High,0,0,0,1,11,9,27,28,47,41,0,0,2,3,169,88,55,20,0,1,0,5,0.520710059,0
2017,940314,940,Washington County Schools,314,Pines Elementary,1,1,0,3,15,12,231,223,29,31,0,0,5,8,559,60,454,27,2,3,0,13,0.107334526,1
2017,940316,940,Washington County Schools,316,Plymouth High,0,0,2,0,10,8,157,136,9,8,0,0,1,4,335,17,293,18,0,2,0,5,0.050746269,1
2017,940328,940,Washington County Schools,328,Washington County Union,0,0,0,0,8,9,108,100,7,3,0,0,4,1,240,10,208,17,0,0,0,5,0.041666667,1
2017,950308,950,Watauga County Schools,308,Bethel Elementary,0,0,0,0,1,4,0,0,87,77,0,0,0,0,169,164,0,5,0,0,0,0,0.970414201,0
2017,950312,950,Watauga County Schools,312,Blowing Rock Elementary,2,2,1,1,9,4,3,1,155,150,0,0,7,10,345,305,4,13,4,2,0,17,0.884057971,0
2017,950316,950,Watauga County Schools,316,Cove Creek Elementary,0,0,0,2,9,9,0,1,124,120,0,0,1,4,270,244,1,18,0,2,0,5,0.903703704,0
2017,950320,950,Watauga County Schools,320,Green Valley Elementary,0,0,1,0,8,5,1,1,187,162,0,0,6,3,374,349,2,13,0,1,0,9,0.93315508,0
2017,950322,950,Watauga County Schools,322,Hardin Park Elementary,2,1,15,19,75,80,21,7,295,315,0,0,15,14,859,610,28,155,3,34,0,29,0.710128056,0
2017,950324,950,Watauga County Schools,324,Mabel Elementary,0,0,0,3,1,6,0,0,83,72,0,0,2,2,169,155,0,7,0,3,0,4,0.917159763,0
2017,950328,950,Watauga County Schools,328,Parkway Elementary,1,2,3,2,39,26,2,3,206,225,0,1,2,5,517,431,5,65,3,5,1,7,0.833655706,0
2017,950332,950,Watauga County Schools,332,Valle Crucis Elementary,0,0,1,0,22,19,1,3,146,135,0,0,4,3,334,281,4,41,0,1,0,7,0.841317365,0
2017,950336,950,Watauga County Schools,336,Watauga High,0,0,6,10,36,34,6,5,491,549,3,0,19,21,1180,1040,11,70,0,16,3,40,0.881355932,0
2017,950338,950,Watauga County Schools,338,Watauga Innovation Academy,0,1,0,0,5,9,1,0,124,51,0,0,4,1,196,175,1,14,1,0,0,5,0.892857143,0
2017,960312,960,Wayne County Schools,312,Brogden Middle,1,1,1,0,114,108,96,94,39,31,0,1,11,7,504,70,190,222,2,1,1,18,0.138888889,1
2017,960314,960,Wayne County Schools,314,Brogden Primary,0,1,0,2,241,212,147,118,61,51,0,0,12,9,854,112,265,453,1,2,0,21,0.131147541,1
2017,960316,960,Wayne County Schools,316,Carver Elementary,0,0,0,0,86,116,113,98,71,51,0,0,3,9,547,122,211,202,0,0,0,12,0.223034735,1
2017,960318,960,Wayne County Schools,318,Carver Heights Elementary,0,0,0,0,18,14,189,164,3,3,1,0,6,6,404,6,353,32,0,0,1,12,0.014851485,1
2017,960324,960,Wayne County Schools,324,Charles B Aycock High,2,1,10,12,72,62,153,108,427,362,0,2,34,21,1266,789,261,134,3,22,2,55,0.623222749,0
2017,960326,960,Wayne County Schools,326,Dillard Middle,0,0,0,0,10,9,149,146,6,7,1,1,0,2,331,13,295,19,0,0,2,2,0.039274924,1
2017,960329,960,Wayne County Schools,329,Eastern Wayne Elementary,1,1,2,2,82,63,161,157,114,101,0,0,6,9,699,215,318,145,2,4,0,15,0.30758226,1
2017,960330,960,Wayne County Schools,330,Eastern Wayne High,2,1,17,17,60,55,255,274,184,152,0,1,15,18,1051,336,529,115,3,34,1,33,0.319695528,1
2017,960331,960,Wayne County Schools,331,Eastern Wayne Middle,0,0,6,3,31,48,135,163,97,72,0,1,9,9,574,169,298,79,0,9,1,18,0.294425087,1
2017,960332,960,Wayne County Schools,332,Edgewood Cmty Developmental,1,0,1,0,12,6,38,20,21,15,0,0,3,2,119,36,58,18,1,1,0,5,0.302521008,1
2017,960334,960,Wayne County Schools,334,Fremont STARS Elementary,0,0,2,2,27,14,31,10,75,72,0,0,4,7,244,147,41,41,0,4,0,11,0.602459016,0
2017,960335,960,Wayne County Schools,335,Goldsboro High,0,0,1,0,13,9,257,241,6,5,0,0,6,9,547,11,498,22,0,1,0,15,0.020109689,1
2017,960336,960,Wayne County Schools,336,Grantham,0,0,0,1,49,49,44,48,142,130,0,1,5,2,471,272,92,98,0,1,1,7,0.577494692,0
2017,960338,960,Wayne County Schools,338,Grantham Middle,0,0,0,2,45,27,45,45,128,124,0,0,5,7,428,252,90,72,0,2,0,12,0.588785047,0
2017,960340,960,Wayne County Schools,340,Greenwood Middle,0,0,7,10,44,31,119,126,44,47,1,0,13,17,459,91,245,75,0,17,1,30,0.198257081,1
2017,960344,960,Wayne County Schools,344,Meadow Lane Elementary,1,2,11,20,44,45,122,126,109,107,0,1,13,17,618,216,248,89,3,31,1,30,0.349514563,1
2017,960348,960,Wayne County Schools,348,Mount Olive Middle,0,0,0,0,65,83,66,71,59,51,0,0,6,4,405,110,137,148,0,0,0,10,0.271604938,1
2017,960360,960,Wayne County Schools,360,Norwayne Middle,0,0,5,6,54,47,98,77,285,260,1,0,25,16,874,545,175,101,0,11,1,41,0.623569794,0
2017,960370,960,Wayne County Schools,370,Rosewood Elementary,2,4,8,3,52,40,49,42,232,189,1,0,13,16,651,421,91,92,6,11,1,29,0.646697389,0
2017,960372,960,Wayne County Schools,372,Rosewood High,1,1,4,4,28,25,45,42,214,146,0,0,12,14,536,360,87,53,2,8,0,26,0.671641791,0
2017,960374,960,Wayne County Schools,374,Rosewood Middle,1,1,4,3,20,18,25,17,111,94,0,0,6,13,313,205,42,38,2,7,0,19,0.654952077,0
2017,960380,960,Wayne County Schools,380,Southern Wayne High,1,0,1,1,174,154,215,199,167,151,0,1,19,11,1094,318,414,328,1,2,1,30,0.290676417,1
2017,960382,960,Wayne County Schools,382,Spring Creek Elementary,0,0,0,1,269,203,51,44,132,110,0,1,10,12,833,242,95,472,0,1,1,22,0.290516206,1
2017,960386,960,Wayne County Schools,386,Spring Creek High,2,1,3,2,164,139,60,60,127,113,1,1,13,14,700,240,120,303,3,5,2,27,0.342857143,1
2017,960387,960,Wayne County Schools,387,Spring Creek Middle,3,0,0,2,170,156,33,24,119,102,0,0,13,7,629,221,57,326,3,2,0,20,0.351351351,1
2017,960388,960,Wayne County Schools,388,Tommy's Road Elementary,0,0,11,10,29,19,185,152,123,108,0,0,9,19,665,231,337,48,0,21,0,28,0.347368421,1
2017,960390,960,Wayne County Schools,390,North Drive Elementary,0,0,2,0,6,14,238,229,11,12,0,0,5,3,520,23,467,20,0,2,0,8,0.044230769,1
2017,960450,960,Wayne County Schools,450,Northeast Elementary,0,2,10,10,53,54,69,66,212,149,1,3,12,18,659,361,135,107,2,20,4,30,0.547799697,0
2017,960454,960,Wayne County Schools,454,Northwest Elementary,0,2,10,5,46,46,70,68,236,205,0,0,20,20,728,441,138,92,2,15,0,40,0.605769231,0
2017,960488,960,Wayne County Schools,488,Wayne Middle / High Academy,0,0,0,0,2,1,21,13,5,1,0,0,1,0,44,6,34,3,0,0,0,1,0.136363636,1
2017,960490,960,Wayne County Schools,490,Wayne Early / Middle College High,0,0,1,10,29,47,19,36,31,72,0,0,2,6,253,103,55,76,0,11,0,8,0.407114625,1
2017,960700,960,Wayne County Schools,700,Wayne School of Engineering,0,0,4,6,22,27,24,34,141,159,0,2,8,13,440,300,58,49,0,10,2,21,0.681818182,0
2017,770346,770,Richmond County Schools,346,Monroe Avenue Elementary,6,4,0,0,20,29,105,95,61,67,0,0,7,7,401,128,200,49,10,0,0,14,0.319201995,1
2017,770348,770,Richmond County Schools,348,Richmond Senior High,34,18,5,6,64,47,291,268,319,286,0,0,18,25,1381,605,559,111,52,11,0,43,0.438088342,1
2017,770349,770,Richmond County Schools,349,Richmond Early College High,3,9,2,3,14,24,15,49,50,94,0,0,2,6,271,144,64,38,12,5,0,8,0.531365314,0
2017,770351,770,Richmond County Schools,351,Richmond 9th Grade Academy,13,12,1,2,19,18,92,87,125,120,0,0,12,14,515,245,179,37,25,3,0,26,0.475728155,1
2017,770360,770,Richmond County Schools,360,Rockingham Middle,6,9,4,4,17,30,109,134,181,160,1,0,20,14,689,341,243,47,15,8,1,34,0.494920174,1
2017,770364,770,Richmond County Schools,364,Rohanen Middle,7,3,0,0,25,20,36,33,75,52,0,1,8,3,263,127,69,45,10,0,1,11,0.482889734,1
2017,770368,770,Richmond County Schools,368,West Rockingham Elementary,4,7,0,0,24,31,58,39,73,72,0,1,11,11,331,145,97,55,11,0,1,22,0.438066465,1
2017,770370,770,Richmond County Schools,370,Washington Street Elementary,6,6,2,1,21,16,138,112,111,94,2,1,13,11,534,205,250,37,12,3,3,24,0.383895131,1
2017,780320,780,Robeson County Schools,320,Deep Branch Elementary,148,161,0,2,9,19,16,7,7,4,0,0,11,10,394,11,23,28,309,2,0,21,0.027918782,1
2017,780322,780,Robeson County Schools,322,East Robeson Primary,67,55,0,0,64,53,54,72,87,78,0,1,24,22,577,165,126,117,122,0,1,46,0.285961872,1
2017,780324,780,Robeson County Schools,324,Fairgrove Middle,64,68,0,0,9,9,43,35,5,12,0,0,7,13,265,17,78,18,132,0,0,20,0.064150943,1
2017,780325,780,Robeson County Schools,325,Fairmont High,114,112,0,0,13,13,136,131,98,59,0,3,12,21,712,157,267,26,226,0,3,33,0.220505618,1
2017,780326,780,Robeson County Schools,326,Fairmont Middle,51,52,0,0,20,7,90,99,19,19,0,0,9,9,375,38,189,27,103,0,0,18,0.101333333,1
2017,780328,780,Robeson County Schools,328,Green Grove Elementary,55,59,0,0,8,9,38,27,7,6,1,0,3,6,219,13,65,17,114,0,1,9,0.059360731,1
2017,780329,780,Robeson County Schools,329,Janie C Hargrave Elem,23,19,2,5,26,42,47,43,26,18,0,0,5,2,258,44,90,68,42,7,0,7,0.170542636,1
2017,780330,780,Robeson County Schools,330,L Gilbert Carroll Middle,62,66,18,9,54,41,170,144,61,74,1,3,14,10,727,135,314,95,128,27,4,24,0.185694635,1
2017,780336,780,Robeson County Schools,336,Littlefield Middle,88,92,1,0,56,63,70,75,151,127,0,0,26,22,771,278,145,119,180,1,0,48,0.360570687,1
2017,780340,780,Robeson County Schools,340,Long Branch Elementary,77,51,0,0,17,14,73,66,75,70,0,0,10,7,460,145,139,31,128,0,0,17,0.315217391,1
2017,780341,780,Robeson County Schools,341,Lumberton Junior High,31,27,7,3,28,20,115,90,45,46,1,3,15,14,445,91,205,48,58,10,4,29,0.204494382,1
2017,780342,780,Robeson County Schools,342,Lumberton Senior High,271,294,18,16,120,120,337,333,246,276,4,3,37,61,2136,522,670,240,565,34,7,98,0.244382022,1
2017,780344,780,Robeson County Schools,344,Magnolia Elementary,176,179,0,0,165,151,35,29,16,16,1,0,10,9,787,32,64,316,355,0,1,19,0.040660737,1
2017,780352,780,Robeson County Schools,352,Orrum Middle,53,34,0,0,9,9,50,44,56,49,0,1,7,8,320,105,94,18,87,0,1,15,0.328125,1
2017,780356,780,Robeson County Schools,356,Oxendine Elementary,150,109,0,0,5,6,1,2,7,6,0,0,4,5,295,13,3,11,259,0,0,9,0.044067797,1
2017,780360,780,Robeson County Schools,360,Parkton Elementary,24,26,0,2,67,65,101,96,81,89,1,1,23,28,604,170,197,132,50,2,2,51,0.281456954,1
2017,780364,780,Robeson County Schools,364,Pembroke Elementary,316,293,1,1,14,15,33,29,9,12,0,0,18,22,763,21,62,29,609,2,0,40,0.027522936,1
2017,780368,780,Robeson County Schools,368,Pembroke Middle,235,270,0,0,16,20,19,25,13,10,0,0,6,9,623,23,44,36,505,0,0,15,0.036918138,1
2017,780374,780,Robeson County Schools,374,Peterson Elementary,72,78,0,5,107,101,68,99,11,19,1,0,9,8,578,30,167,208,150,5,1,17,0.051903114,1
2017,780376,780,Robeson County Schools,376,Piney Grove Elementary,187,183,3,0,67,58,31,29,20,16,1,0,17,8,620,36,60,125,370,3,1,25,0.058064516,1
2017,780384,780,Robeson County Schools,384,Prospect Elementary,471,422,0,0,9,6,3,4,8,7,0,0,7,7,944,15,7,15,893,0,0,14,0.015889831,1
2017,780385,780,Robeson County Schools,385,PSRC Early College at RCC,21,46,1,2,16,34,9,24,20,25,0,0,6,5,209,45,33,50,67,3,0,11,0.215311005,1
2017,780390,780,Robeson County Schools,390,R B Dean Elementary,52,36,1,0,5,4,115,80,4,4,1,1,6,2,311,8,195,9,88,1,2,8,0.025723473,1
2017,780391,780,Robeson County Schools,391,Red Springs High,165,176,1,0,96,98,86,79,30,18,0,0,19,13,781,48,165,194,341,1,0,32,0.061459667,1
2017,780392,780,Robeson County Schools,392,Rex-Rennert Elementary,109,84,0,0,109,89,21,22,9,10,2,1,5,4,465,19,43,198,193,0,3,9,0.040860215,1
2017,780393,780,Robeson County Schools,393,Red Springs Middle,97,96,2,2,110,101,76,63,15,7,0,0,19,21,609,22,139,211,193,4,0,40,0.036124795,1
2017,780394,780,Robeson County Schools,394,Rosenwald Elementary,52,48,0,0,19,8,126,101,25,17,0,0,13,12,421,42,227,27,100,0,0,25,0.09976247,1
2017,780396,780,Robeson County Schools,396,Rowland Middle,22,32,0,0,1,1,39,28,3,2,0,0,5,7,140,5,67,2,54,0,0,12,0.035714286,1
2017,780398,780,Robeson County Schools,398,Rowland Norment Elementary,48,46,3,2,67,52,132,121,30,31,0,3,10,8,553,61,253,119,94,5,3,18,0.110307414,1
2017,780400,780,Robeson County Schools,400,Saint Pauls Elementary,82,70,3,2,203,231,115,94,80,85,0,0,11,12,988,165,209,434,152,5,0,23,0.167004049,1
2017,780401,780,Robeson County Schools,401,Saint Pauls High,84,88,1,1,154,127,135,124,113,100,0,1,23,16,967,213,259,281,172,2,1,39,0.220268873,1
2017,780402,780,Robeson County Schools,402,South Robeson High,144,134,1,0,5,13,64,63,10,7,0,0,16,10,467,17,127,18,278,1,0,26,0.03640257,1
2017,780403,780,Robeson County Schools,403,Saint Pauls Middle,33,34,0,0,81,76,52,64,41,40,0,0,11,6,438,81,116,157,67,0,0,17,0.184931507,1
2017,780407,780,Robeson County Schools,407,Tanglewood Elementary,39,38,11,3,20,17,37,63,97,78,5,5,14,15,442,175,100,37,77,14,10,29,0.395927602,1
2017,780408,780,Robeson County Schools,408,Southside/Ashpole Elem,46,37,0,0,4,0,55,60,7,4,0,0,9,16,238,11,115,4,83,0,0,25,0.046218487,1
2017,780410,780,Robeson County Schools,410,Townsend Middle,43,28,3,1,2,4,55,48,3,4,2,0,2,3,198,7,103,6,71,4,2,5,0.035353535,1
2017,780412,780,Robeson County Schools,412,Union Chapel Elementary,196,186,1,0,84,64,17,17,6,10,0,1,2,3,587,16,34,148,382,1,1,5,0.02725724,1
2017,780416,780,Robeson County Schools,416,Union Elementary,219,218,0,0,4,4,12,9,3,9,0,0,4,2,484,12,21,8,437,0,0,6,0.024793388,1
2017,780417,780,Robeson County Schools,417,W H Knuckles,15,11,0,0,1,2,117,107,2,5,0,0,3,0,263,7,224,3,26,0,0,3,0.02661597,1
2017,780418,780,Robeson County Schools,418,West Lumberton Elementary,27,19,0,0,1,3,43,27,5,4,0,0,2,5,136,9,70,4,46,0,0,7,0.066176471,1
2017,780420,780,Robeson County Schools,420,Purnell Swett High,748,700,0,2,18,16,76,60,36,22,0,1,15,13,1707,58,136,34,1448,2,1,28,0.033977739,1
2017,790302,790,Rockingham County Schools,302,Bethany Elementary,0,0,1,1,15,17,4,3,183,195,0,0,8,6,433,378,7,32,0,2,0,14,0.872979215,0
2017,790310,790,Rockingham County Schools,310,Central Elementary,0,0,1,0,33,22,36,44,137,123,1,0,3,16,416,260,80,55,0,1,1,19,0.625,0
2017,790314,790,Rockingham County Schools,314,Dalton McMichael High,4,4,4,2,91,61,45,40,369,320,0,1,26,19,986,689,85,152,8,6,1,45,0.698782961,0
2017,790318,790,Rockingham County Schools,318,Douglass Elementary,0,0,1,0,20,29,42,37,124,108,0,0,16,11,388,232,79,49,0,1,0,27,0.597938144,0
2017,790322,790,Rockingham County Schools,322,Draper Elementary,0,0,0,1,8,22,32,31,52,61,0,1,8,8,224,113,63,30,0,1,1,16,0.504464286,0
2017,790327,790,Rockingham County Schools,327,Huntsville Elementary,2,0,1,0,49,38,9,8,154,132,2,0,10,7,412,286,17,87,2,1,2,17,0.694174757,0
2017,790330,790,Rockingham County Schools,330,J E Holmes Middle,0,0,3,3,56,46,63,53,176,181,1,0,21,17,620,357,116,102,0,6,1,38,0.575806452,0
2017,790334,790,Rockingham County Schools,334,John W Dillard Elementary,1,1,0,0,25,14,32,23,69,63,0,0,11,8,247,132,55,39,2,0,0,19,0.534412955,0
2017,790344,790,Rockingham County Schools,344,Leaksville-Spray Elementary,0,0,5,5,43,31,58,54,136,118,0,0,12,14,476,254,112,74,0,10,0,26,0.533613445,0
2017,790347,790,Rockingham County Schools,347,Lincoln Elementary,1,0,0,0,8,10,20,18,108,112,0,0,7,7,291,220,38,18,1,0,0,14,0.756013746,0
2017,790350,790,Rockingham County Schools,350,Monroeton Elementary,0,0,0,0,32,17,41,43,152,130,0,1,9,11,436,282,84,49,0,0,1,20,0.646788991,0
2017,790354,790,Rockingham County Schools,354,John M Morehead High,3,2,9,2,58,53,103,122,263,264,0,0,22,27,928,527,225,111,5,11,0,49,0.567887931,0
2017,790358,790,Rockingham County Schools,358,Moss Street Elementary,0,0,1,0,25,22,127,113,52,43,0,0,18,20,421,95,240,47,0,1,0,38,0.225653207,1
2017,790362,790,Rockingham County Schools,362,New Vision Sch.of Math/Sci/Tec,0,0,0,2,4,11,8,19,137,144,1,1,3,5,335,281,27,15,0,2,2,8,0.83880597,0
2017,790366,790,Rockingham County Schools,366,Reidsville High,1,2,2,3,63,56,170,147,148,127,1,0,18,31,769,275,317,119,3,5,1,49,0.357607282,1
2017,970308,970,Wilkes County Schools,308,Boomer-Ferguson Elementary,0,0,0,0,6,6,4,6,50,59,0,0,5,5,141,109,10,12,0,0,0,10,0.773049645,0
2017,970310,970,Wilkes County Schools,310,C B Eller Elementary,3,0,0,0,15,12,1,0,119,117,0,1,1,2,271,236,1,27,3,0,1,3,0.870848708,0
2017,970312,970,Wilkes County Schools,312,C C Wright Elementary,1,0,1,5,34,25,9,15,151,105,0,0,12,10,368,256,24,59,1,6,0,22,0.695652174,0
2017,970315,970,Wilkes County Schools,315,Central Wilkes Middle,1,1,4,3,60,73,34,34,196,177,0,0,25,29,637,373,68,133,2,7,0,54,0.5855573,0
2017,970320,970,Wilkes County Schools,320,East Wilkes High,0,0,0,0,17,22,7,9,256,235,0,0,6,2,554,491,16,39,0,0,0,8,0.886281588,0
2017,970322,970,Wilkes County Schools,322,East Wilkes Middle,0,0,0,0,19,16,6,5,157,176,0,0,6,3,388,333,11,35,0,0,0,9,0.858247423,0
2017,970337,970,Wilkes County Schools,337,Millers Creek Elementary,0,3,1,1,55,60,7,3,331,335,0,0,13,7,816,666,10,115,3,2,0,20,0.816176471,0
2017,970340,970,Wilkes County Schools,340,Moravian Falls Elementary,1,1,1,0,38,47,9,8,52,55,0,0,2,9,223,107,17,85,2,1,0,11,0.479820628,1
2017,970344,970,Wilkes County Schools,344,Mount Pleasant Elementary,0,0,0,0,7,8,0,0,100,88,0,0,1,2,206,188,0,15,0,0,0,3,0.912621359,0
2017,970348,970,Wilkes County Schools,348,Mountain View Elementary,1,0,0,0,21,14,3,0,223,209,0,0,9,10,490,432,3,35,1,0,0,19,0.881632653,0
2017,970352,970,Wilkes County Schools,352,Mulberry Elementary,0,0,0,2,39,41,3,2,163,167,0,0,6,3,426,330,5,80,0,2,0,9,0.774647887,0
2017,970356,970,Wilkes County Schools,356,North Wilkes High,1,0,2,1,36,32,4,7,317,280,0,0,6,11,697,597,11,68,1,3,0,17,0.856527977,0
2017,970358,970,Wilkes County Schools,358,North Wilkes Middle,0,1,0,0,36,33,3,4,244,220,0,0,14,4,559,464,7,69,1,0,0,18,0.830053667,0
2017,970360,970,Wilkes County Schools,360,North Wilkesboro Elementary,0,0,0,3,53,62,22,15,54,51,0,0,8,17,285,105,37,115,0,3,0,25,0.368421053,1
2017,970368,970,Wilkes County Schools,368,Roaring River Elementary,0,1,0,0,7,5,7,3,87,97,0,0,2,5,214,184,10,12,1,0,0,7,0.859813084,0
2017,970370,970,Wilkes County Schools,370,Ronda-Clingman Elementary,0,0,0,1,14,9,4,3,122,130,0,0,12,2,297,252,7,23,0,1,0,14,0.848484848,0
2017,970376,970,Wilkes County Schools,376,Traphill Elementary,0,0,0,0,4,2,0,0,54,55,0,0,0,1,116,109,0,6,0,0,0,1,0.939655172,0
2017,970388,970,Wilkes County Schools,388,West Wilkes High,0,0,0,1,37,34,3,1,351,306,0,0,2,2,737,657,4,71,0,1,0,4,0.891451832,0
2017,970389,970,Wilkes County Schools,389,West Wilkes Middle,0,1,1,0,39,28,4,0,269,220,0,0,7,7,576,489,4,67,1,1,0,14,0.848958333,0
2017,970390,970,Wilkes County Schools,390,Wilkes Central High,1,2,3,3,81,82,39,53,315,260,0,0,28,24,891,575,92,163,3,6,0,52,0.645342312,0
2017,970392,970,Wilkes County Schools,392,Wilkesboro Elementary,1,1,4,4,31,24,22,9,148,133,0,0,19,21,417,281,31,55,2,8,0,40,0.673860911,0
2017,970393,970,Wilkes County Schools,393,Wilkes Early College High,0,0,1,0,23,41,1,2,68,95,0,0,1,5,237,163,3,64,0,1,0,6,0.687763713,0
2017,980306,980,Wilson County Schools,306,Milton M Daniels Learning Cntr,0,0,1,0,9,7,61,24,6,1,0,0,0,0,109,7,85,16,0,1,0,0,0.064220183,1
2017,980308,980,Wilson County Schools,308,B O Barnes Elementary,1,0,0,0,42,35,144,127,8,4,0,0,1,4,366,12,271,77,1,0,0,5,0.032786885,1
2017,980317,980,Wilson County Schools,317,Charles H Darden Middle,0,0,0,1,30,40,127,123,3,6,0,0,4,7,341,9,250,70,0,1,0,11,0.026392962,1
2017,980318,980,Wilson County Schools,318,Beddingfield High,0,2,3,0,87,82,220,247,101,77,0,1,7,8,835,178,467,169,2,3,1,15,0.213173653,1
2017,980320,980,Wilson County Schools,320,Elm City Elementary,2,2,3,3,29,33,89,67,67,56,0,0,13,10,374,123,156,62,4,6,0,23,0.328877005,1
2017,980324,980,Wilson County Schools,324,Elm City Middle,0,1,2,6,31,30,63,78,107,95,0,0,9,2,424,202,141,61,1,8,0,11,0.476415094,1
2017,980336,980,Wilson County Schools,336,Fike High,4,4,9,9,76,63,282,292,224,235,0,0,19,18,1235,459,574,139,8,18,0,37,0.371659919,1
2017,980338,980,Wilson County Schools,338,Forest Hills Middle,2,1,6,4,46,33,166,178,53,51,1,0,7,5,553,104,344,79,3,10,1,12,0.188065099,1
2017,980340,980,Wilson County Schools,340,Gardners Elementary,0,0,0,0,52,52,25,25,42,44,0,0,1,6,247,86,50,104,0,0,0,7,0.348178138,1
2017,980342,980,Wilson County Schools,342,James Hunt High,0,1,10,8,116,117,276,286,250,243,2,2,18,26,1355,493,562,233,1,18,4,44,0.363837638,1
2017,980344,980,Wilson County Schools,344,John W Jones Elementary,1,0,4,4,37,32,162,171,102,76,1,0,13,13,616,178,333,69,1,8,1,26,0.288961039,1
2017,980348,980,Wilson County Schools,348,Lee Woodard Elementary,0,0,0,0,17,19,26,24,64,67,0,0,3,3,223,131,50,36,0,0,0,6,0.587443946,0
2017,980352,980,Wilson County Schools,352,Lucama Elementary,2,1,0,0,66,66,45,35,96,110,0,0,17,9,447,206,80,132,3,0,0,26,0.460850112,1
2017,980356,980,Wilson County Schools,356,Margaret Hearne Elementary,0,0,1,2,63,39,167,157,11,8,0,0,11,2,461,19,324,102,0,3,0,13,0.041214751,1
2017,980357,980,Wilson County Schools,357,Vick Elementary,0,0,1,0,52,39,98,103,5,0,0,0,3,1,302,5,201,91,0,1,0,4,0.016556291,1
2017,980360,980,Wilson County Schools,360,New Hope Elementary,0,0,12,8,42,50,55,40,165,145,0,1,4,11,533,310,95,92,0,20,1,15,0.581613508,0
2017,980364,980,Wilson County Schools,364,Rock Ridge Elementary,0,0,1,1,70,74,26,25,163,137,0,0,3,10,510,300,51,144,0,2,0,13,0.588235294,0
2017,980380,980,Wilson County Schools,380,Speight Middle,1,0,1,0,46,47,65,61,69,71,0,0,10,6,377,140,126,93,1,1,0,16,0.371352785,1
2017,980384,980,Wilson County Schools,384,Springfield Middle,1,0,0,1,69,63,31,27,146,110,0,0,8,11,467,256,58,132,1,1,0,19,0.548179872,0
2017,980388,980,Wilson County Schools,388,Stantonsburg Elementary,0,0,0,1,39,32,48,44,39,25,0,0,2,4,234,64,92,71,0,1,0,6,0.273504274,1
2017,980390,980,Wilson County Schools,390,Toisnot Middle,1,0,2,2,43,34,124,122,46,41,0,0,10,7,432,87,246,77,1,4,0,17,0.201388889,1
2017,980392,980,Wilson County Schools,392,Vinson-Bynum Elementary,0,1,11,8,24,33,129,80,38,38,0,0,9,7,378,76,209,57,1,19,0,16,0.201058201,1
2017,980396,980,Wilson County Schools,396,Wells Elementary,0,1,4,2,16,20,164,142,83,85,0,0,8,11,536,168,306,36,1,6,0,19,0.313432836,1
2017,980397,980,Wilson County Schools,397,Wilson Academy of Applied Technology,0,0,0,0,9,7,16,12,14,3,1,0,1,1,64,17,28,16,0,0,1,2,0.265625,1
2017,980398,980,Wilson County Schools,398,Wilson Early College Academy,0,0,1,1,20,35,34,78,41,74,0,0,1,6,291,115,112,55,0,2,0,7,0.395189003,1
2017,980400,980,Wilson County Schools,400,Winstead Elementary,0,0,0,1,45,37,130,128,6,6,0,0,6,5,364,12,258,82,0,1,0,11,0.032967033,1
2017,990304,990,Yadkin County Schools,304,Boonville Elementary,0,0,0,0,36,33,11,4,131,116,0,0,7,4,342,247,15,69,0,0,0,11,0.722222222,0
2017,990308,990,Yadkin County Schools,308,Courtney Elementary,1,0,0,0,26,27,2,1,96,96,0,0,3,1,253,192,3,53,1,0,0,4,0.758893281,0
2017,990312,990,Yadkin County Schools,312,East Bend Elementary,1,0,0,2,27,34,1,0,90,97,0,0,2,5,259,187,1,61,1,2,0,7,0.722007722,0
2017,990316,990,Yadkin County Schools,316,Fall Creek Elementary,0,0,0,1,22,15,0,2,117,114,0,0,1,0,272,231,2,37,0,1,0,1,0.849264706,0
2017,990320,990,Yadkin County Schools,320,Forbush Elementary,3,0,0,1,22,6,1,2,102,104,0,0,1,1,243,206,3,28,3,1,0,2,0.847736626,0
2017,990321,990,Yadkin County Schools,321,Forbush Middle,0,0,2,0,40,46,6,5,179,175,0,0,5,5,463,354,11,86,0,2,0,10,0.764578834,0
2017,990322,990,Yadkin County Schools,322,Forbush High,3,2,1,1,94,69,15,13,344,316,0,1,5,14,878,660,28,163,5,2,1,19,0.751708428,0
2017,990324,990,Yadkin County Schools,324,Jonesville Elementary,0,0,0,1,33,37,14,13,102,98,0,1,10,10,319,200,27,70,0,1,1,20,0.626959248,0
2017,990325,990,Yadkin County Schools,325,Starmount Middle,0,1,0,0,32,39,9,8,121,89,1,0,3,7,310,210,17,71,1,0,1,10,0.677419355,0
2017,990326,990,Yadkin County Schools,326,Starmount High,0,1,0,0,71,57,12,10,244,191,0,3,10,2,601,435,22,128,1,0,3,12,0.723793677,0
2017,990328,990,Yadkin County Schools,328,West Yadkin Elementary,1,0,0,0,88,95,1,3,177,128,0,0,7,3,503,305,4,183,1,0,0,10,0.606361829,0
2017,990332,990,Yadkin County Schools,332,Yadkin Early College,0,0,2,3,26,58,0,2,70,69,0,1,1,0,232,139,2,84,0,5,1,1,0.599137931,0
2017,990336,990,Yadkin County Schools,336,Yadkinville Elementary,2,1,1,0,133,105,11,14,133,137,1,0,6,10,554,270,25,238,3,1,1,16,0.487364621,1
2017,990340,990,Yadkin County Schools,340,Yadkin Success Academy,0,0,0,0,4,2,2,1,30,15,0,0,1,0,55,45,3,6,0,0,0,1,0.818181818,0
2017,995304,995,Yancey County Schools,304,Bald Creek Elementary,0,2,0,0,12,13,0,0,70,69,0,0,0,1,167,139,0,25,2,0,0,1,0.832335329,0
2017,995308,995,Yancey County Schools,308,Bee Log Elementary,0,0,0,0,0,0,0,0,24,16,0,0,1,1,42,40,0,0,0,0,0,2,0.952380952,0
2017,995312,995,Yancey County Schools,312,Burnsville Elementary,0,1,0,0,58,42,0,3,110,102,0,0,4,3,323,212,3,100,1,0,0,7,0.656346749,0
2017,995316,995,Yancey County Schools,316,Cane River Middle,1,2,0,0,13,5,2,0,124,88,0,0,1,2,238,212,2,18,3,0,0,3,0.890756303,0
2017,995320,995,Yancey County Schools,320,Clearmont Elementary,0,0,0,0,2,1,0,0,55,65,0,0,0,0,123,120,0,3,0,0,0,0,0.975609756,0
2017,995324,995,Yancey County Schools,324,East Yancey Middle,0,0,0,0,30,27,1,2,125,91,0,0,4,1,281,216,3,57,0,0,0,5,0.768683274,0
2017,995328,995,Yancey County Schools,328,Micaville Elementary,0,0,0,0,10,11,1,0,76,78,0,0,1,0,177,154,1,21,0,0,0,1,0.870056497,0
2017,995330,995,Yancey County Schools,330,Mountain Heritage High,1,0,0,1,34,26,3,0,332,304,0,0,7,5,713,636,3,60,1,1,0,12,0.89200561,0
2017,790374,790,Rockingham County Schools,374,Reidsville Middle,1,0,0,1,55,45,118,100,94,74,0,1,15,15,519,168,218,100,1,1,1,30,0.323699422,1
2017,790378,790,Rockingham County Schools,378,Rockingham County High,0,5,1,1,33,39,60,45,458,406,0,3,15,27,1093,864,105,72,5,2,3,42,0.790484904,0
2017,790379,790,Rockingham County Schools,379,Rockingham Co Early College High,0,2,2,1,15,31,25,38,87,125,0,0,3,10,339,212,63,46,2,3,0,13,0.625368732,0
2017,790380,790,Rockingham County Schools,380,Rockingham County Middle,1,0,0,2,27,36,42,34,327,301,0,0,18,14,802,628,76,63,1,2,0,32,0.783042394,0
2017,790386,790,Rockingham County Schools,386,South End Elementary,0,0,4,6,10,10,58,53,53,50,0,0,5,10,259,103,111,20,0,10,0,15,0.397683398,1
2017,790390,790,Rockingham County Schools,390,Stoneville Elementary,0,0,0,0,50,42,22,7,117,121,0,0,17,16,392,238,29,92,0,0,0,33,0.607142857,0
2017,790392,790,Rockingham County Schools,392,The SCORE Center,0,0,0,0,1,0,10,2,11,4,0,0,0,0,28,15,12,1,0,0,0,0,0.535714286,0
2017,790394,790,Rockingham County Schools,394,Western Rockingham Middle,3,2,1,2,58,44,19,32,211,202,0,0,15,16,605,413,51,102,5,3,0,31,0.682644628,0
2017,790398,790,Rockingham County Schools,398,Wentworth Elementary,1,0,0,0,22,14,26,32,199,188,0,1,12,15,510,387,58,36,1,0,1,27,0.758823529,0
2017,790402,790,Rockingham County Schools,402,Williamsburg Elementary,0,1,0,0,82,86,64,56,107,102,0,0,15,11,524,209,120,168,1,0,0,26,0.398854962,1
2017,800308,800,Rowan-Salisbury County Schools,308,Henderson High,0,0,0,0,1,3,25,10,27,7,0,0,2,3,78,34,35,4,0,0,0,5,0.435897436,1
2017,800312,800,Rowan-Salisbury County Schools,312,Bostian Elementary,0,0,0,2,13,10,0,0,162,135,0,0,5,5,332,297,0,23,0,2,0,10,0.894578313,0
2017,800314,800,Rowan-Salisbury County Schools,314,Erwin Middle,0,1,7,5,35,35,32,28,362,344,0,1,5,11,866,706,60,70,1,12,1,16,0.815242494,0
2017,800315,800,Rowan-Salisbury County Schools,315,Overton Elementary,0,1,1,1,23,22,98,114,51,42,0,0,20,19,392,93,212,45,1,2,0,39,0.237244898,1
2017,800316,800,Rowan-Salisbury County Schools,316,China Grove Elementary,0,0,5,2,71,55,15,14,198,183,0,0,17,13,573,381,29,126,0,7,0,30,0.664921466,0
2017,800320,800,Rowan-Salisbury County Schools,320,China Grove Middle,0,0,0,2,42,28,5,7,222,164,0,0,11,3,484,386,12,70,0,2,0,14,0.797520661,0
2017,800324,800,Rowan-Salisbury County Schools,324,Cleveland Elementary,2,2,1,0,13,27,13,24,107,77,0,0,9,5,280,184,37,40,4,1,0,14,0.657142857,0
2017,800328,800,Rowan-Salisbury County Schools,328,Corriher Lipe Middle,1,1,1,0,42,39,19,26,197,178,0,1,11,9,525,375,45,81,2,1,1,20,0.714285714,0
2017,800340,800,Rowan-Salisbury County Schools,340,East Rowan High,2,2,3,3,37,38,55,44,436,413,0,0,11,6,1050,849,99,75,4,6,0,17,0.808571429,0
2017,800346,800,Rowan-Salisbury County Schools,346,Koontz Elementary,2,0,6,2,54,72,125,130,29,34,0,0,15,8,477,63,255,126,2,8,0,23,0.132075472,1
2017,800347,800,Rowan-Salisbury County Schools,347,Shive Elementary,0,1,2,0,17,14,1,1,207,178,0,0,7,3,431,385,2,31,1,2,0,10,0.893271462,0
2017,800348,800,Rowan-Salisbury County Schools,348,Enochville Elementary,0,2,1,0,20,21,1,2,163,154,0,0,6,6,376,317,3,41,2,1,0,12,0.843085106,0
2017,800352,800,Rowan-Salisbury County Schools,352,Faith Elementary,2,0,4,1,9,13,4,5,178,161,0,0,6,7,390,339,9,22,2,5,0,13,0.869230769,0
2017,800356,800,Rowan-Salisbury County Schools,356,Granite Quarry Elementary,0,0,5,6,33,23,62,48,176,144,0,0,16,19,532,320,110,56,0,11,0,35,0.601503759,0
2017,800358,800,Rowan-Salisbury County Schools,358,Isenberg Elementary,1,1,14,7,35,44,113,109,22,31,1,1,12,13,404,53,222,79,2,21,2,25,0.131188119,1
2017,800359,800,Rowan-Salisbury County Schools,359,Dole Elementary,0,0,3,0,45,38,124,91,95,63,1,0,17,18,495,158,215,83,0,3,1,35,0.319191919,1
2017,800360,800,Rowan-Salisbury County Schools,360,Hurley Elementary,0,0,1,1,80,72,100,73,86,63,0,0,9,13,498,149,173,152,0,2,0,22,0.299196787,1
2017,800361,800,Rowan-Salisbury County Schools,361,Carson High,1,1,2,9,103,70,33,31,456,505,1,0,9,22,1243,961,64,173,2,11,1,31,0.773129525,0
2017,800362,800,Rowan-Salisbury County Schools,362,Knollwood Elementary,0,0,3,0,165,186,39,39,99,97,0,0,10,7,645,196,78,351,0,3,0,17,0.303875969,1
2017,800363,800,Rowan-Salisbury County Schools,363,Knox Middle,0,1,2,6,54,68,146,155,55,60,0,0,9,17,573,115,301,122,1,8,0,26,0.20069808,1
2017,800364,800,Rowan-Salisbury County Schools,364,Landis Elementary,3,2,1,1,53,52,31,26,135,135,0,1,15,8,463,270,57,105,5,2,1,23,0.583153348,0
2017,800366,800,Rowan-Salisbury County Schools,366,Millbridge Elementary,1,1,1,3,35,27,7,2,233,227,0,0,15,7,559,460,9,62,2,4,0,22,0.822898032,0
2017,800368,800,Rowan-Salisbury County Schools,368,Morgan Elementary,0,0,1,3,7,4,3,1,147,144,0,0,5,5,320,291,4,11,0,4,0,10,0.909375,0
2017,800372,800,Rowan-Salisbury County Schools,372,Mt Ulla Elementary,2,0,1,0,36,34,7,14,106,75,0,0,5,10,290,181,21,70,2,1,0,15,0.624137931,0
2017,800373,800,Rowan-Salisbury County Schools,373,North Rowan Elementary,2,2,7,3,36,39,123,109,98,79,1,2,17,23,541,177,232,75,4,10,3,40,0.327171904,1
2017,800376,800,Rowan-Salisbury County Schools,376,North Rowan High,2,1,6,8,44,38,153,112,111,111,1,0,15,14,616,222,265,82,3,14,1,29,0.36038961,1
2017,800377,800,Rowan-Salisbury County Schools,377,North Rowan Middle,1,1,5,5,38,36,110,105,102,73,0,0,11,12,499,175,215,74,2,10,0,23,0.350701403,1
2017,800392,800,Rowan-Salisbury County Schools,392,Rockwell Elementary,0,0,0,1,15,19,3,3,230,246,0,0,6,11,534,476,6,34,0,1,0,17,0.891385768,0
2017,800394,800,Rowan-Salisbury County Schools,394,Rowan Co Early College,1,0,3,4,21,55,12,24,42,70,1,0,1,1,235,112,36,76,1,7,1,2,0.476595745,1
2017,800396,800,Rowan-Salisbury County Schools,396,Salisbury High,2,0,9,5,101,92,214,183,130,88,0,0,14,16,854,218,397,193,2,14,0,30,0.255269321,1
2017,800398,800,Rowan-Salisbury County Schools,398,Southeast Middle,2,1,5,3,118,103,26,21,253,222,0,1,11,10,776,475,47,221,3,8,1,21,0.612113402,0
2017,800400,800,Rowan-Salisbury County Schools,400,South Rowan High,0,0,2,6,51,63,42,27,378,346,1,0,19,13,948,724,69,114,0,8,1,32,0.76371308,0
2017,800408,800,Rowan-Salisbury County Schools,408,West Rowan High,1,0,5,6,86,68,106,85,366,335,2,0,11,8,1079,701,191,154,1,11,2,19,0.649675626,0
2017,800410,800,Rowan-Salisbury County Schools,410,West Rowan Middle,0,0,3,2,77,67,47,39,200,202,0,0,11,5,653,402,86,144,0,5,0,16,0.615620214,0
2017,800412,800,Rowan-Salisbury County Schools,412,Woodleaf Elementary,0,1,1,2,33,23,23,17,102,107,0,0,7,11,327,209,40,56,1,3,0,18,0.639143731,0
2017,810324,810,Rutherford County Schools,324,Chase High School,1,2,0,1,32,30,33,27,313,320,0,0,26,21,806,633,60,62,3,1,0,47,0.785359801,0
2017,810326,810,Rutherford County Schools,326,Chase Middle School,0,1,0,0,36,25,15,26,257,186,0,0,20,20,586,443,41,61,1,0,0,40,0.755972696,0
2017,810328,810,Rutherford County Schools,328,Cliffside Elementary School,1,0,0,0,19,17,12,1,128,111,0,0,3,10,302,239,13,36,1,0,0,13,0.791390728,0
2017,810336,810,Rutherford County Schools,336,Forest City-Dunbar Elementary School,0,0,1,0,40,30,74,80,90,69,0,0,26,31,441,159,154,70,0,1,0,57,0.360544218,1
2017,810340,810,Rutherford County Schools,340,East Rutherford High School,0,0,2,2,22,15,67,48,271,246,0,0,21,24,718,517,115,37,0,4,0,45,0.72005571,0
2017,810342,810,Rutherford County Schools,342,East Rutherford Middle School,0,0,0,0,23,27,40,37,217,199,0,0,17,21,581,416,77,50,0,0,0,38,0.716006885,0
2017,810344,810,Rutherford County Schools,344,Ellenboro Elementary School,1,2,1,1,12,8,20,11,273,233,0,1,21,20,604,506,31,20,3,2,1,41,0.837748344,0
2017,810350,810,Rutherford County Schools,350,Forrest W. Hunt Elementary School,1,0,0,0,38,30,22,23,127,113,0,0,16,12,382,240,45,68,1,0,0,28,0.628272251,0
2017,810360,810,Rutherford County Schools,360,Harris Elementary School,2,1,0,0,6,4,5,3,196,180,0,0,13,14,424,376,8,10,3,0,0,27,0.886792453,0
2017,810364,810,Rutherford County Schools,364,Mt. Vernon-Ruth Elementary School,1,0,1,2,10,10,4,9,101,120,0,0,3,5,266,221,13,20,1,3,0,8,0.830827068,0
2017,810370,810,Rutherford County Schools,370,Pinnacle Elementary School,0,0,1,0,4,3,5,6,115,107,0,0,1,5,247,222,11,7,0,1,0,6,0.898785425,0
2017,810378,810,Rutherford County Schools,378,R-S Middle School,0,0,3,3,19,15,49,44,209,230,0,1,21,25,619,439,93,34,0,6,1,46,0.709208401,0
2017,810384,810,Rutherford County Schools,384,R-S Central High School,1,0,4,3,16,22,69,53,328,304,0,0,26,22,848,632,122,38,1,7,0,48,0.745283019,0
2017,810385,810,Rutherford County Schools,385,Rutherford Early College High School,1,1,1,0,8,9,2,4,58,85,0,0,3,2,174,143,6,17,2,1,0,5,0.82183908,0
2017,810386,810,Rutherford County Schools,386,Rutherford Opportunity Center,0,0,0,0,5,0,15,1,49,38,0,0,10,5,123,87,16,5,0,0,0,15,0.707317073,0
2017,810388,810,Rutherford County Schools,388,Rutherfordton Elementary School,1,0,1,1,10,14,17,22,152,119,0,0,11,13,361,271,39,24,1,2,0,24,0.750692521,0
2017,810396,810,Rutherford County Schools,396,Spindale Elementary School,0,0,1,0,12,19,73,60,121,108,0,0,19,25,438,229,133,31,0,1,0,44,0.52283105,0
2017,810400,810,Rutherford County Schools,400,Sunshine Elementary School,0,0,1,3,2,1,0,0,97,70,0,0,4,3,181,167,0,3,0,4,0,7,0.922651934,0
2017,820312,820,Sampson County Schools,312,Roseboro Elementary,0,1,1,1,52,35,72,70,85,69,0,0,11,14,411,154,142,87,1,2,0,25,0.374695864,1
2017,820320,820,Sampson County Schools,320,Clement Elementary,1,2,0,1,66,56,17,22,89,88,0,1,8,8,359,177,39,122,3,1,1,16,0.493036212,1
2017,820324,820,Sampson County Schools,324,Sampson Early College High,0,4,0,0,50,85,9,30,28,58,0,0,3,4,271,86,39,135,4,0,0,7,0.317343173,1
2017,820340,820,Sampson County Schools,340,Hargrove Elementary,0,2,0,0,110,106,36,23,54,41,0,0,5,2,379,95,59,216,2,0,0,7,0.250659631,1
2017,995336,995,Yancey County Schools,336,South Toe Elementary,0,0,0,0,5,10,0,0,56,44,0,0,0,2,117,100,0,15,0,0,0,2,0.854700855,0
2017,820346,820,Sampson County Schools,346,Hobbton Elementary,0,6,2,3,135,146,28,21,84,69,0,0,4,3,501,153,49,281,6,5,0,7,0.305389222,1
2017,820347,820,Sampson County Schools,347,Hobbton Middle,5,1,0,1,105,117,29,27,59,70,0,0,5,4,423,129,56,222,6,1,0,9,0.304964539,1
2017,820348,820,Sampson County Schools,348,Hobbton High,3,2,0,0,120,101,51,49,111,105,0,0,4,1,547,216,100,221,5,0,0,5,0.39488117,1
2017,820349,820,Sampson County Schools,349,Lakewood High,1,1,2,0,60,46,86,77,138,118,0,1,6,13,549,256,163,106,2,2,1,19,0.466302368,1
2017,820350,820,Sampson County Schools,350,Midway Elementary,3,1,0,0,77,70,19,22,94,82,0,1,14,11,394,176,41,147,4,0,1,25,0.446700508,1
2017,820352,820,Sampson County Schools,352,Midway High,6,5,0,0,92,70,51,40,233,231,0,1,17,18,764,464,91,162,11,0,1,35,0.607329843,0
2017,820354,820,Sampson County Schools,354,Midway Middle,6,2,1,1,84,91,26,30,169,176,1,0,12,18,617,345,56,175,8,2,1,30,0.559157212,0
2017,820364,820,Sampson County Schools,364,Plain View Elementary,0,0,1,1,28,33,27,13,139,113,0,0,13,7,375,252,40,61,0,2,0,20,0.672,0
2017,820370,820,Sampson County Schools,370,Union Middle,1,0,0,0,109,94,49,44,55,49,0,0,1,3,405,104,93,203,1,0,0,4,0.256790123,1
2017,820372,820,Sampson County Schools,372,Roseboro-Salemburg Middle,0,2,0,0,69,47,55,62,94,90,3,0,7,11,440,184,117,116,2,0,3,18,0.418181818,1
2017,820376,820,Sampson County Schools,376,Salemburg Elementary,2,0,1,1,103,82,48,51,90,86,0,0,4,7,475,176,99,185,2,2,0,11,0.370526316,1
2017,820384,820,Sampson County Schools,384,Union Elementary,0,3,1,0,166,159,88,61,81,63,0,1,3,1,627,144,149,325,3,1,1,4,0.229665072,1
2017,820385,820,Sampson County Schools,385,Union Intermediate,1,1,0,0,70,64,37,35,25,37,0,0,1,2,273,62,72,134,2,0,0,3,0.227106227,1
2017,820388,820,Sampson County Schools,388,Union High,0,1,0,2,119,111,103,69,78,51,0,0,9,8,551,129,172,230,1,2,0,17,0.234119782,1
2017,821304,821,Clinton City Schools,304,Butler Avenue Elementary,7,6,1,2,82,63,103,93,68,60,0,0,15,8,508,128,196,145,13,3,0,23,0.251968504,1
2017,821308,821,Clinton City Schools,308,Clinton High,10,12,2,4,100,101,187,164,144,140,0,0,13,22,899,284,351,201,22,6,0,35,0.315906563,1
2017,821316,821,Clinton City Schools,316,Langdon C Kerr Elementary,9,2,1,4,77,85,93,108,40,39,0,0,5,5,468,79,201,162,11,5,0,10,0.168803419,1
2017,821320,821,Clinton City Schools,320,Sampson Middle,11,12,3,5,89,98,111,113,94,91,1,0,15,18,661,185,224,187,23,8,1,33,0.279878971,1
2017,821330,821,Clinton City Schools,330,Sunset Avenue Elementary,5,8,1,2,72,82,104,67,71,66,0,0,1,2,481,137,171,154,13,3,0,3,0.284823285,1
2017,830304,830,Scotland County Schools,304,Carver Middle,43,43,1,3,8,6,125,111,139,102,0,0,17,18,616,241,236,14,86,4,0,35,0.391233766,1
2017,830312,830,Scotland County Schools,312,Covington Street Elementary,25,16,3,2,6,6,92,76,31,32,0,0,6,3,298,63,168,12,41,5,0,9,0.211409396,1
2017,830316,830,Scotland County Schools,316,Shaw Academy,0,0,0,0,1,1,30,11,6,2,0,0,2,1,54,8,41,2,0,0,0,3,0.148148148,1
2017,830320,830,Scotland County Schools,320,I E Johnson Elementary,18,10,0,0,5,4,131,149,15,14,0,0,4,7,357,29,280,9,28,0,0,11,0.081232493,1
2017,830328,830,Scotland County Schools,328,Laurel Hill Elementary,55,59,0,0,11,13,46,51,139,138,0,0,17,19,548,277,97,24,114,0,0,36,0.505474453,0
2017,830336,830,Scotland County Schools,336,North Laurinburg Elementary,6,8,0,0,5,3,112,110,14,6,0,0,6,4,274,20,222,8,14,0,0,10,0.072992701,1
2017,830343,830,Scotland County Schools,343,Scotland High School,118,116,9,5,19,12,385,314,256,195,0,0,31,24,1484,451,699,31,234,14,0,55,0.303908356,1
2017,830348,830,Scotland County Schools,348,Scotland Early College High,12,26,3,4,4,5,16,37,23,53,0,0,5,9,197,76,53,9,38,7,0,14,0.385786802,1
2017,830349,830,Scotland County Schools,349,Spring Hill Middle,45,43,6,5,9,11,156,146,78,73,2,2,11,18,605,151,302,20,88,11,4,29,0.249586777,1
2017,830356,830,Scotland County Schools,356,South Scotland Elementary,43,54,0,0,2,3,40,43,100,71,0,0,13,15,384,171,83,5,97,0,0,28,0.4453125,1
2017,830360,830,Scotland County Schools,360,Wagram Elementary,57,57,2,6,8,3,97,99,52,33,1,0,4,2,421,85,196,11,114,8,1,6,0.201900238,1
2017,830364,830,Scotland County Schools,364,Sycamore Lane Elementary,45,36,6,2,26,16,157,169,87,69,0,0,9,4,626,156,326,42,81,8,0,13,0.249201278,1
2017,840302,840,Stanly County Schools,302,Albemarle High,1,0,14,9,23,24,76,91,100,84,0,0,19,14,455,184,167,47,1,23,0,33,0.404395604,1
2017,840303,840,Stanly County Schools,303,Albemarle Middle,0,0,14,8,21,23,76,62,73,74,0,0,8,17,376,147,138,44,0,22,0,25,0.390957447,1
2017,840304,840,Stanly County Schools,304,Aquadale Elementary,2,1,7,4,10,7,9,10,148,136,0,0,7,11,352,284,19,17,3,11,0,18,0.806818182,0
2017,840308,840,Stanly County Schools,308,Badin Elementary,1,2,15,25,8,9,37,30,161,153,1,0,21,24,487,314,67,17,3,40,1,45,0.64476386,0
2017,840310,840,Stanly County Schools,310,Central Elementary,1,1,14,16,41,36,111,92,130,119,1,0,35,23,620,249,203,77,2,30,1,58,0.401612903,1
2017,840312,840,Stanly County Schools,312,Endy Elementary,0,0,3,5,13,16,5,2,137,133,0,1,5,6,326,270,7,29,0,8,1,11,0.828220859,0
2017,840316,840,Stanly County Schools,316,East Albemarle Elementary,0,0,6,4,14,12,102,91,54,36,1,0,15,18,353,90,193,26,0,10,1,33,0.254957507,1
2017,840320,840,Stanly County Schools,320,Locust Elementary,1,1,4,4,21,22,2,4,208,172,0,0,9,5,453,380,6,43,2,8,0,14,0.838852097,0
2017,840324,840,Stanly County Schools,324,Millingport Elementary,0,0,9,8,6,13,2,0,91,90,0,2,1,4,226,181,2,19,0,17,2,5,0.800884956,0
2017,840328,840,Stanly County Schools,328,North Stanly Middle,2,1,8,12,3,6,17,24,217,215,0,0,13,18,536,432,41,9,3,20,0,31,0.805970149,0
2017,840332,840,Stanly County Schools,332,North Stanly High,2,1,14,14,6,8,26,27,248,222,0,0,10,11,589,470,53,14,3,28,0,21,0.797962649,0
2017,840336,840,Stanly County Schools,336,Norwood Elementary,0,0,1,2,11,18,29,25,162,114,0,0,8,3,373,276,54,29,0,3,0,11,0.739946381,0
2017,840344,840,Stanly County Schools,344,Richfield Elementary,0,0,3,12,2,3,6,11,126,137,0,0,9,2,311,263,17,5,0,15,0,11,0.845659164,0
2017,840350,840,Stanly County Schools,350,West Stanly Middle School,1,0,2,5,27,35,5,4,258,247,0,0,6,7,597,505,9,62,1,7,0,13,0.845896147,0
2017,840356,840,Stanly County Schools,356,South Stanly High,0,0,3,5,14,25,34,25,217,184,1,0,6,7,521,401,59,39,0,8,1,13,0.769673704,0
2017,840358,840,Stanly County Schools,358,South Stanly Middle,0,0,1,1,20,18,23,24,158,148,0,0,8,6,407,306,47,38,0,2,0,14,0.751842752,0
2017,840360,840,Stanly County Schools,360,Stanfield Elementary,1,0,1,1,52,47,4,5,194,157,0,0,3,3,468,351,9,99,1,2,0,6,0.75,0
2017,840361,840,Stanly County Schools,361,Stanly Early College High,1,1,17,15,8,23,5,12,46,77,0,1,4,4,214,123,17,31,2,32,1,8,0.574766355,0
2017,840368,840,Stanly County Schools,368,West Stanly High,0,2,3,3,53,27,5,5,349,296,0,0,10,4,757,645,10,80,2,6,0,14,0.852047556,0
2017,840370,840,Stanly County Schools,370,Stanly Academy Learning Center,0,0,0,0,1,1,6,4,17,9,0,0,0,1,39,26,10,2,0,0,0,1,0.666666667,0
2017,850304,850,Stokes County Schools,304,Chestnut Grove Middle,2,2,0,2,20,27,4,1,281,302,0,0,13,10,664,583,5,47,4,2,0,23,0.878012048,0
2017,850312,850,Stokes County Schools,312,Germanton Elementary,0,1,1,0,2,0,5,1,94,69,0,0,3,3,179,163,6,2,1,1,0,6,0.910614525,0
2017,850314,850,Stokes County Schools,314,Mount Olive Elementary,2,2,0,0,2,6,0,2,141,132,0,0,4,4,295,273,2,8,4,0,0,8,0.925423729,0
2017,850316,850,Stokes County Schools,316,King Elementary,0,0,0,1,9,5,0,0,215,183,0,0,7,5,425,398,0,14,0,1,0,12,0.936470588,0
2017,850320,850,Stokes County Schools,320,Lawsonville Elementary,0,1,0,0,9,3,2,2,83,78,0,0,1,0,179,161,4,12,1,0,0,1,0.899441341,0
2017,850324,850,Stokes County Schools,324,Meadowbrook Academy,0,0,0,0,1,3,1,1,36,35,0,0,1,1,79,71,2,4,0,0,0,2,0.898734177,0
2017,850328,850,Stokes County Schools,328,Nancy Reynolds Elementary,0,2,1,0,2,4,2,6,87,52,0,0,2,1,159,139,8,6,2,1,0,3,0.874213836,0
2017,850332,850,Stokes County Schools,332,North Stokes High,0,0,0,1,4,6,2,0,189,180,0,0,3,4,389,369,2,10,0,1,0,7,0.948586118,0
2017,850336,850,Stokes County Schools,336,Pine Hall Elementary,0,0,0,0,5,5,2,1,78,50,0,0,1,4,146,128,3,10,0,0,0,5,0.876712329,0
2017,850338,850,Stokes County Schools,338,Piney Grove Middle,0,0,0,0,12,8,1,1,120,126,0,0,4,4,276,246,2,20,0,0,0,8,0.891304348,0
2017,850340,850,Stokes County Schools,340,Pinnacle Elementary,1,1,0,0,3,2,5,1,74,79,0,0,4,1,171,153,6,5,2,0,0,5,0.894736842,0
2017,850342,850,Stokes County Schools,342,Poplar Springs Elementary,0,0,0,2,12,8,3,0,188,191,0,0,7,6,417,379,3,20,0,2,0,13,0.908872902,0
2017,850348,850,Stokes County Schools,348,Sandy Ridge  Elementary,0,0,0,0,4,4,0,0,91,82,0,0,4,0,185,173,0,8,0,0,0,4,0.935135135,0
2017,850350,850,Stokes County Schools,350,Southeastern Middle,0,0,1,0,6,12,11,16,167,187,0,0,6,9,415,354,27,18,0,1,0,15,0.853012048,0
2017,850352,850,Stokes County Schools,352,South Stokes High,1,1,0,1,14,9,21,15,240,204,0,0,19,14,539,444,36,23,2,1,0,33,0.823747681,0
2017,850354,850,Stokes County Schools,354,London Elementary,0,0,1,0,4,14,16,10,85,87,0,0,6,5,228,172,26,18,0,1,0,11,0.754385965,0
2017,850356,850,Stokes County Schools,356,Walnut Cove Elementary,0,0,0,0,2,0,15,7,92,102,0,0,7,5,230,194,22,2,0,0,0,12,0.843478261,0
2017,850358,850,Stokes County Schools,358,West Stokes High,0,0,2,3,18,21,15,8,423,387,1,0,12,11,901,810,23,39,0,5,1,23,0.89900111,0
2017,850360,850,Stokes County Schools,360,Stokes Early College,0,0,0,0,5,5,1,2,67,90,0,1,0,5,176,157,3,10,0,0,1,5,0.892045455,0
2017,860302,860,Surry County Schools,302,Cedar Ridge Elementary,0,0,0,0,41,40,0,0,141,145,0,0,1,3,371,286,0,81,0,0,0,4,0.770889488,0
2017,860306,860,Surry County Schools,306,Central Middle,0,0,0,0,127,117,1,3,167,179,0,0,6,6,606,346,4,244,0,0,0,12,0.570957096,0
2017,860308,860,Surry County Schools,308,Copeland Elementary,0,0,1,1,59,66,0,1,88,89,0,0,4,1,310,177,1,125,0,2,0,5,0.570967742,0
2017,860312,860,Surry County Schools,312,Dobson Elementary,0,0,3,0,78,62,1,2,123,95,0,0,4,4,372,218,3,140,0,3,0,8,0.586021505,0
2017,860316,860,Surry County Schools,316,East Surry High,1,0,1,1,28,28,14,3,284,261,0,0,7,5,633,545,17,56,1,2,0,12,0.860979463,0
2017,860320,860,Surry County Schools,320,Flat Rock Elementary,0,0,2,0,24,23,8,11,86,64,0,0,8,10,236,150,19,47,0,2,0,18,0.63559322,0
2017,860324,860,Surry County Schools,324,Franklin Elementary,0,1,1,0,54,59,14,13,184,178,0,0,8,11,523,362,27,113,1,1,0,19,0.692160612,0
2017,860326,860,Surry County Schools,326,J Sam Gentry Middle,0,1,0,1,24,26,4,3,158,130,1,0,3,4,355,288,7,50,1,1,1,7,0.811267606,0
2017,860330,860,Surry County Schools,330,Meadowview Magnet Middle,3,0,1,0,44,34,13,9,147,139,0,0,17,6,413,286,22,78,3,1,0,23,0.692493947,0
2017,860332,860,Surry County Schools,332,Mountain Park Elementary,0,0,0,0,17,16,0,0,61,59,0,0,2,0,155,120,0,33,0,0,0,2,0.774193548,0
2017,860336,860,Surry County Schools,336,North Surry High,1,0,1,0,85,59,17,14,361,315,0,0,14,11,878,676,31,144,1,1,0,25,0.769931663,0
2017,860339,860,Surry County Schools,339,Pilot Mountain Elementary,0,1,1,0,25,31,5,5,172,160,0,0,6,11,417,332,10,56,1,1,0,17,0.79616307,0
2017,860340,860,Surry County Schools,340,Pilot Mountain Middle,1,0,1,2,30,24,7,4,201,162,0,0,3,5,440,363,11,54,1,3,0,8,0.825,0
2017,860344,860,Surry County Schools,344,Rockford Elementary,1,1,0,2,67,64,4,3,86,118,0,0,1,1,348,204,7,131,2,2,0,2,0.586206897,0
2017,860348,860,Surry County Schools,348,Shoals Elementary,0,0,0,0,9,7,0,0,115,134,0,0,1,0,266,249,0,16,0,0,0,1,0.936090226,0
2017,860352,860,Surry County Schools,352,Surry Central High,0,0,0,0,134,128,1,2,253,262,0,0,8,4,792,515,3,262,0,0,0,12,0.650252525,0
2017,860354,860,Surry County Schools,354,Surry Early College,0,0,2,6,41,87,0,6,95,127,0,0,0,3,367,222,6,128,0,8,0,3,0.604904632,0
2017,860356,860,Surry County Schools,356,Westfield Elementary,0,0,0,0,17,19,3,5,76,87,0,0,3,2,212,163,8,36,0,0,0,5,0.768867925,0
2017,860360,860,Surry County Schools,360,White Plains Elementary,0,0,1,2,31,31,0,0,128,116,0,0,6,3,318,244,0,62,0,3,0,9,0.767295597,0
2017,861304,861,Elkin City Schools,304,Elkin Elementary,0,0,1,0,64,67,7,14,228,227,0,0,11,13,632,455,21,131,0,1,0,24,0.719936709,0
2017,861308,861,Elkin City Schools,308,Elkin High,0,0,1,2,31,36,7,7,141,134,0,0,9,8,376,275,14,67,0,3,0,17,0.731382979,0
2017,861312,861,Elkin City Schools,312,Elkin Middle,0,0,0,2,22,14,6,3,63,46,0,0,7,2,165,109,9,36,0,2,0,9,0.660606061,0
2017,862308,862,Mount Airy City Schools,308,Bruce H Tharrington Elem,0,0,1,5,34,38,10,16,105,99,0,0,9,7,324,204,26,72,0,6,0,16,0.62962963,0
2017,862310,862,Mount Airy City Schools,310,Jones Elementary,0,0,2,4,45,48,19,17,139,119,0,0,8,5,406,258,36,93,0,6,0,13,0.63546798,0
2017,862312,862,Mount Airy City Schools,312,Mount Airy High,0,0,2,3,48,24,18,24,171,192,0,0,15,18,515,363,42,72,0,5,0,33,0.704854369,0
2017,862316,862,Mount Airy City Schools,316,Mount Airy Middle,0,0,3,2,42,30,18,9,120,115,0,0,4,6,349,235,27,72,0,5,0,10,0.673352436,0
2017,870312,870,Swain County Schools,312,Cherokee Extension School,0,0,1,0,9,7,0,4,43,29,0,0,5,4,102,72,4,16,0,1,0,9,0.705882353,0
2017,870314,870,Swain County Schools,314,Swain County High School,70,61,0,2,9,8,3,1,207,176,0,1,15,8,561,383,4,17,131,2,1,23,0.682709447,0
2017,870318,870,Swain County Schools,318,Swain County Middle School,60,47,1,1,6,11,1,0,158,137,0,0,8,9,439,295,1,17,107,2,0,17,0.671981777,0
2017,870320,870,Swain County Schools,320,Swain County East Elementary,91,98,0,1,12,9,0,0,87,95,0,0,14,16,423,182,0,21,189,1,0,30,0.430260047,1
2017,870324,870,Swain County Schools,324,Swain County West Elementary,22,17,5,1,11,15,3,2,179,171,0,0,5,9,440,350,5,26,39,6,0,14,0.795454545,0
2017,880304,880,Transylvania County Schools,304,Brevard Elementary,1,3,2,4,13,21,19,24,222,191,3,0,21,25,549,413,43,34,4,6,3,46,0.752276867,0
2017,880308,880,Transylvania County Schools,308,Brevard High,2,0,5,6,26,9,29,24,293,285,2,3,27,20,731,578,53,35,2,11,5,47,0.790697674,0
2017,880312,880,Transylvania County Schools,312,Brevard Middle,0,0,0,3,21,25,23,20,180,187,1,0,15,20,495,367,43,46,0,3,1,35,0.741414141,0
2017,880318,880,Transylvania County Schools,318,Pisgah Forest Elementary,0,0,1,2,44,30,8,10,212,200,0,0,19,18,544,412,18,74,0,3,0,37,0.757352941,0
2017,880320,880,Transylvania County Schools,320,Davidson River School,0,0,0,0,2,4,2,2,31,23,0,0,2,7,73,54,4,6,0,0,0,9,0.739726027,0
2017,880324,880,Transylvania County Schools,324,Rosman Elementary,1,0,0,0,10,9,1,0,142,138,0,0,0,1,302,280,1,19,1,0,0,1,0.927152318,0
2017,880328,880,Transylvania County Schools,328,Rosman High,1,1,0,0,7,7,0,0,162,151,0,0,2,6,337,313,0,14,2,0,0,8,0.928783383,0
2017,880330,880,Transylvania County Schools,330,Rosman Middle,0,0,0,0,7,5,0,0,109,114,0,0,1,0,236,223,0,12,0,0,0,1,0.944915254,0
2017,880336,880,Transylvania County Schools,336,T C Henderson,0,0,0,1,2,2,0,0,71,59,0,0,0,3,138,130,0,4,0,1,0,3,0.942028986,0
2017,890304,890,Tyrrell County Schools,304,Columbia High,0,0,6,5,9,12,23,33,39,29,0,0,7,11,174,68,56,21,0,11,0,18,0.390804598,1
2017,890306,890,Tyrrell County Schools,306,Columbia Middle,0,1,2,3,13,11,24,14,27,18,0,0,2,4,119,45,38,24,1,5,0,6,0.378151261,1
2017,890308,890,Tyrrell County Schools,308,Tyrrell Elementary,1,0,2,3,24,42,42,50,68,41,0,1,14,17,305,109,92,66,1,5,1,31,0.357377049,1
2017,900302,900,Union County Schools,302,Antioch Elementary,1,0,48,35,24,10,14,16,282,247,0,0,14,20,711,529,30,34,1,83,0,34,0.744022504,0
2017,900303,900,Union County Schools,303,Rea View Elementary,0,0,20,22,11,7,7,8,225,242,0,0,8,7,557,467,15,18,0,42,0,15,0.838420108,0
2017,900304,900,Union County Schools,304,Benton Heights Elementary,0,0,1,0,197,192,80,75,22,20,0,0,4,6,597,42,155,389,0,1,0,10,0.070351759,1
2017,900305,900,Union County Schools,305,New Town Elementary,1,0,36,41,20,32,32,19,353,350,0,1,16,15,916,703,51,52,1,77,1,31,0.767467249,0
2017,900306,900,Union County Schools,306,East Elementary,0,0,0,0,174,163,107,71,16,9,0,0,15,5,560,25,178,337,0,0,0,20,0.044642857,1
2017,900307,900,Union County Schools,307,Rocky River Elementary,0,1,4,4,127,107,86,71,166,144,0,0,26,18,754,310,157,234,1,8,0,44,0.411140584,1
2017,900308,900,Union County Schools,308,East Union Middle,3,1,2,2,188,154,124,111,153,134,0,0,11,13,896,287,235,342,4,4,0,24,0.3203125,1
2017,900310,900,Union County Schools,310,Cuthbertson Middle,0,1,34,44,40,30,50,25,498,483,0,0,15,14,1234,981,75,70,1,78,0,29,0.794975689,0
2017,900311,900,Union County Schools,311,Cuthbertson High,0,1,16,30,42,49,64,60,633,627,0,0,13,12,1547,1260,124,91,1,46,0,25,0.814479638,0
2017,900312,900,Union County Schools,312,Fairview Elementary,0,0,0,3,23,26,13,14,209,187,0,1,2,5,483,396,27,49,0,3,1,7,0.819875776,0
2017,900314,900,Union County Schools,314,Monroe Middle,1,1,2,2,253,243,143,143,66,64,0,0,19,17,954,130,286,496,2,4,0,36,0.136268344,1
2017,900316,900,Union County Schools,316,Forest Hills High,1,0,2,1,172,139,168,164,192,177,0,0,12,7,1035,369,332,311,1,3,0,19,0.356521739,1
2017,900318,900,Union County Schools,318,Hemby Bridge Elementary,0,0,7,9,20,25,25,40,177,155,0,0,10,9,477,332,65,45,0,16,0,19,0.696016771,0
2017,900320,900,Union County Schools,320,Indian Trail Elementary,3,0,4,11,46,33,27,21,215,213,0,0,13,6,592,428,48,79,3,15,0,19,0.722972973,0
2017,900328,900,Union County Schools,328,Kensington Elementary,0,0,23,21,40,44,32,25,264,257,0,0,10,14,730,521,57,84,0,44,0,24,0.71369863,0
2017,900332,900,Union County Schools,332,Marshville Elementary,1,0,0,4,40,43,74,86,119,91,0,0,10,4,472,210,160,83,1,4,0,14,0.444915254,1
2017,900334,900,Union County Schools,334,Marvin Elementary,1,0,55,57,8,18,15,10,238,221,0,0,11,5,639,459,25,26,1,112,0,16,0.718309859,0
2017,900336,900,Union County Schools,336,Monroe High,3,0,5,2,325,280,196,200,78,77,0,0,13,10,1189,155,396,605,3,7,0,23,0.130361648,1
2017,900340,900,Union County Schools,340,New Salem Elementary,0,0,1,2,8,3,1,4,164,132,0,0,1,2,318,296,5,11,0,3,0,3,0.93081761,0
2017,900341,900,Union County Schools,341,Porter Ridge Elementary,2,1,2,2,60,56,39,30,154,125,0,0,10,5,486,279,69,116,3,4,0,15,0.574074074,0
2017,900342,900,Union County Schools,342,Porter Ridge High School,3,3,23,17,143,104,116,108,587,603,0,1,23,18,1749,1190,224,247,6,40,1,41,0.680388794,0
2017,900343,900,Union County Schools,343,Porter Ridge Middle School,3,2,4,18,130,105,83,76,455,410,0,1,35,21,1343,865,159,235,5,22,1,56,0.644080417,0
2017,900344,900,Union County Schools,344,Parkwood High,0,1,2,6,60,44,71,60,476,410,0,0,18,16,1164,886,131,104,1,8,0,34,0.761168385,0
2017,900346,900,Union County Schools,346,Parkwood Middle,1,4,3,6,57,57,44,45,375,358,0,0,25,19,994,733,89,114,5,9,0,44,0.737424547,0
2017,900347,900,Union County Schools,347,Poplin Elementary,0,1,9,5,75,68,40,33,263,224,0,0,14,16,748,487,73,143,1,14,0,30,0.651069519,0
2017,900348,900,Union County Schools,348,Piedmont High,3,3,8,10,67,47,36,29,596,565,0,0,8,6,1378,1161,65,114,6,18,0,14,0.842525399,0
2017,900350,900,Union County Schools,350,Piedmont Middle,1,1,6,4,57,41,26,23,438,419,0,0,11,9,1036,857,49,98,2,10,0,20,0.827220077,0
2017,900351,900,Union County Schools,351,Rock Rest Elementary,2,1,0,0,219,178,63,64,32,20,0,0,10,5,594,52,127,397,3,0,0,15,0.087542088,1
2017,900352,900,Union County Schools,352,Prospect Elementary,1,2,0,0,19,25,7,12,202,202,0,0,4,9,483,404,19,44,3,0,0,13,0.836438923,0
2017,900353,900,Union County Schools,353,Sandy Ridge Elementary,0,0,31,43,21,10,17,13,199,191,0,0,11,11,547,390,30,31,0,74,0,22,0.71297989,0
2017,900354,900,Union County Schools,354,Sardis Elementary,0,0,1,5,109,101,17,30,96,83,0,0,12,12,466,179,47,210,0,6,0,24,0.384120172,1
2017,900356,900,Union County Schools,356,Shiloh Elementary,1,0,1,4,53,58,28,32,156,160,1,0,10,9,513,316,60,111,1,5,1,19,0.615984405,0
2017,900358,900,Union County Schools,358,Stallings Elementary,2,1,11,16,43,40,29,24,197,179,0,0,14,15,571,376,53,83,3,27,0,29,0.65849387,0
2017,900360,900,Union County Schools,360,Sun Valley High,3,5,11,13,103,92,130,99,504,439,0,0,33,25,1457,943,229,195,8,24,0,58,0.647220316,0
2017,900362,900,Union County Schools,362,Sun Valley Middle,1,1,18,14,83,77,93,81,471,433,3,0,27,23,1325,904,174,160,2,32,3,50,0.682264151,0
2017,900363,900,Union County Schools,363,Sun Valley Elementary,2,0,12,11,42,44,46,42,209,171,0,0,13,17,609,380,88,86,2,23,0,30,0.623973727,0
2017,900364,900,Union County Schools,364,Union Elementary,2,1,0,1,21,28,22,12,113,93,0,0,9,7,309,206,34,49,3,1,0,16,0.666666667,0
2017,900365,900,Union County Schools,365,South Providence,1,0,0,0,15,3,38,13,26,9,0,0,5,0,110,35,51,18,1,0,0,5,0.318181818,1
2017,900366,900,Union County Schools,366,Central Academy of Technology and Arts,3,1,9,7,50,39,24,69,337,279,0,0,7,9,834,616,93,89,4,16,0,16,0.738609113,0
2017,900367,900,Union County Schools,367,Union County Early College,0,0,6,2,39,75,8,24,78,133,0,0,4,6,375,211,32,114,0,8,0,10,0.562666667,0
2017,900368,900,Union County Schools,368,Unionville Elementary,1,1,2,2,30,23,5,5,329,278,0,0,5,2,683,607,10,53,2,4,0,7,0.888726208,0
2017,900370,900,Union County Schools,370,Walter Bickett Elementary,0,0,3,1,163,173,143,140,33,23,0,0,22,19,720,56,283,336,0,4,0,41,0.077777778,1
2017,900372,900,Union County Schools,372,Waxhaw Elementary,0,0,2,3,33,22,25,29,211,233,0,0,12,12,582,444,54,55,0,5,0,24,0.762886598,0
2017,900376,900,Union County Schools,376,Weddington Elementary,0,0,64,60,21,23,19,13,311,276,0,0,11,3,801,587,32,44,0,124,0,14,0.732833958,0
2017,900377,900,Union County Schools,377,Weddington High,1,1,34,38,39,27,44,36,602,518,1,0,10,11,1362,1120,80,66,2,72,1,21,0.822320117,0
2017,900378,900,Union County Schools,378,Weddington Middle,0,0,51,39,25,24,35,23,408,386,1,0,10,10,1012,794,58,49,0,90,1,20,0.78458498,0
2017,900380,900,Union County Schools,380,Wesley Chapel Elementary,1,1,5,9,18,13,12,26,200,174,0,0,11,8,478,374,38,31,2,14,0,19,0.782426778,0
2017,900384,900,Union County Schools,384,Western Union Elementary,2,0,5,1,28,31,33,28,237,208,0,0,12,13,598,445,61,59,2,6,0,25,0.744147157,0
2017,900388,900,Union County Schools,388,Wingate Elementary,2,0,0,0,118,93,123,123,59,52,0,0,6,19,595,111,246,211,2,0,0,25,0.186554622,1
2017,900391,900,Union County Schools,391,Marvin Ridge Middle,0,0,64,49,21,18,29,25,457,490,1,1,17,13,1185,947,54,39,0,113,2,30,0.799156118,0
2017,900392,900,Union County Schools,392,Wolfe School,1,0,2,0,4,3,17,5,24,23,0,0,0,0,79,47,22,7,1,2,0,0,0.594936709,0
2017,900393,900,Union County Schools,393,Marvin Ridge High,0,0,53,63,25,30,49,26,715,655,0,0,21,27,1664,1370,75,55,0,116,0,48,0.823317308,0
2017,910304,910,Vance County Schools,304,Aycock Elementary,0,0,0,0,56,67,61,68,51,54,0,0,4,2,363,105,129,123,0,0,0,6,0.289256198,1
2017,910308,910,Vance County Schools,308,Carver Elementary,0,0,0,0,17,9,71,62,16,23,1,1,2,3,205,39,133,26,0,0,2,5,0.190243902,1
2017,910311,910,Vance County Schools,311,Clarke Elementary,0,0,1,2,45,24,157,130,22,31,0,0,15,10,437,53,287,69,0,3,0,25,0.121281465,1
2017,910314,910,Vance County Schools,314,Dabney Elementary,3,0,0,1,10,18,176,165,61,68,0,0,4,4,510,129,341,28,3,1,0,8,0.252941176,1
2017,910316,910,Vance County Schools,316,Eaton-Johnson Middle,1,0,3,5,17,14,203,143,31,21,0,0,7,6,451,52,346,31,1,8,0,13,0.115299335,1
2017,910320,910,Vance County Schools,320,Henderson Middle,0,0,1,1,25,36,115,124,40,25,0,0,11,6,384,65,239,61,0,2,0,17,0.169270833,1
2017,910340,910,Vance County Schools,340,New Hope Elementary,0,0,3,1,4,5,67,67,12,4,0,0,0,4,167,16,134,9,0,4,0,4,0.095808383,1
2017,910346,910,Vance County Schools,346,E O Young Jr Elementary,0,0,2,3,17,15,76,81,22,17,0,0,1,2,236,39,157,32,0,5,0,3,0.165254237,1
2017,910356,910,Vance County Schools,356,Pinkston Street Elementary,0,0,0,4,17,20,84,121,9,4,0,0,4,1,264,13,205,37,0,4,0,5,0.049242424,1
2017,910360,910,Vance County Schools,360,E M Rollins Elementary,0,2,10,10,10,11,174,153,24,18,1,1,8,4,426,42,327,21,2,20,2,12,0.098591549,1
2017,910364,910,Vance County Schools,364,Southern Vance High,0,0,0,0,66,78,219,215,97,64,0,0,8,10,757,161,434,144,0,0,0,18,0.212681638,1
2017,910368,910,Vance County Schools,368,Western Vance High,0,0,0,0,3,2,28,15,4,1,0,0,0,1,54,5,43,5,0,0,0,1,0.092592593,1
2017,910370,910,Vance County Schools,370,Northern Vance High,1,1,5,4,29,26,263,272,79,47,0,1,16,10,754,126,535,55,2,9,1,26,0.167108753,1
2017,910376,910,Vance County Schools,376,L B Yancey Elementary,1,0,1,0,27,19,63,94,5,12,0,0,4,2,228,17,157,46,1,1,0,6,0.074561404,1
2017,910380,910,Vance County Schools,380,Zeb Vance Elementary,0,0,0,0,30,25,71,66,59,57,0,0,1,4,313,116,137,55,0,0,0,5,0.370607029,1
2017,910382,910,Vance County Schools,382,Vance Co Early College,0,0,3,0,16,26,34,66,37,45,0,0,3,2,232,82,100,42,0,3,0,5,0.353448276,1
2017,910384,910,Vance County Schools,384,STEM Early High,0,0,1,1,25,26,62,73,38,37,0,0,8,8,279,75,135,51,0,2,0,16,0.268817204,1
2017,920302,920,Wake County Schools,302,River Bend Elementary,0,0,34,27,71,87,131,124,60,58,0,0,5,7,604,118,255,158,0,61,0,12,0.195364238,1
2017,920303,920,Wake County Schools,303,Abbotts Creek Elementary,1,1,9,13,42,47,91,94,274,196,0,0,13,15,796,470,185,89,2,22,0,28,0.590452261,0
2017,920304,920,Wake County Schools,304,Adams Elementary,3,0,18,17,84,85,48,56,190,161,0,0,12,16,690,351,104,169,3,35,0,28,0.508695652,0
2017,920306,920,Wake County Schools,306,Herbert Akins Rd Elementary,1,2,6,12,62,59,55,73,398,326,1,0,21,17,1033,724,128,121,3,18,1,38,0.700871249,0
2017,920307,920,Wake County Schools,307,Alston Ridge Elementary,9,2,246,241,48,52,79,82,254,246,1,1,18,35,1314,500,161,100,11,487,2,53,0.380517504,1
2017,920308,920,Wake County Schools,308,Apex Elementary,0,1,17,16,66,48,45,36,199,190,0,0,11,16,645,389,81,114,1,33,0,27,0.603100775,0
2017,920312,920,Wake County Schools,312,Apex Middle,3,0,20,32,90,69,57,68,437,456,0,0,31,23,1286,893,125,159,3,52,0,54,0.694401244,0
2017,920316,920,Wake County Schools,316,Apex High,2,2,70,73,102,146,110,91,664,704,4,4,44,41,2057,1368,201,248,4,143,8,85,0.665046184,0
2017,920317,920,Wake County Schools,317,Apex Friendship High,2,0,36,43,67,62,82,78,555,538,0,0,41,29,1533,1093,160,129,2,79,0,70,0.712981083,0
2017,920318,920,Wake County Schools,318,Athens Drive High,4,2,70,49,181,194,251,258,447,400,0,1,40,37,1934,847,509,375,6,119,1,77,0.43795243,1
2017,920320,920,Wake County Schools,320,Aversboro Elementary,0,0,4,4,66,68,103,109,97,102,1,0,12,12,578,199,212,134,0,8,1,24,0.344290657,1
2017,920324,920,Wake County Schools,324,Longview,3,1,1,2,69,75,155,132,74,61,0,2,4,7,586,135,287,144,4,3,2,11,0.230375427,1
2017,920325,920,Wake County Schools,325,Banks Road Elementary,3,0,2,1,60,75,45,42,214,216,0,1,18,8,685,430,87,135,3,3,1,26,0.627737226,0
2017,920326,920,Wake County Schools,326,Baileywick Road Elementary,0,0,0,4,98,102,33,35,82,67,0,1,5,3,430,149,68,200,0,4,1,8,0.346511628,1
2017,920327,920,Wake County Schools,327,Ballentine Elementary,0,0,6,5,77,63,18,12,189,169,0,0,3,4,546,358,30,140,0,11,0,7,0.655677656,0
2017,920328,920,Wake County Schools,328,Baucom Elementary,1,1,20,17,42,46,36,36,241,230,0,0,13,13,696,471,72,88,2,37,0,26,0.676724138,0
2017,920329,920,Wake County Schools,329,Barwell Road Elementary,1,2,24,18,129,112,212,225,21,31,2,0,11,7,795,52,437,241,3,42,2,18,0.065408805,1
2017,920332,920,Wake County Schools,332,Beaverdam Elementary,0,1,18,9,142,136,122,121,55,45,0,0,4,11,664,100,243,278,1,27,0,15,0.15060241,1
2017,920334,920,Wake County Schools,334,Brassfield Elementary,1,0,21,7,61,54,39,47,256,249,2,1,11,7,756,505,86,115,1,28,3,18,0.667989418,0
2017,920336,920,Wake County Schools,336,Brentwood Elementary,1,1,12,6,85,89,72,50,33,19,0,0,10,14,392,52,122,174,2,18,0,24,0.132653061,1
2017,920340,920,Wake County Schools,340,Briarcliff Elementary,0,4,10,15,76,71,39,43,141,121,0,0,11,15,546,262,82,147,4,25,0,26,0.47985348,1
2017,920342,920,Wake County Schools,342,Brier Creek Elementary,0,1,50,44,61,67,152,129,167,162,0,0,24,17,874,329,281,128,1,94,0,41,0.376430206,1
2017,920344,920,Wake County Schools,344,Brooks Elementary,0,2,1,3,59,48,26,24,186,183,0,2,7,10,551,369,50,107,2,4,2,17,0.66969147,0
2017,920348,920,Wake County Schools,348,Needham Broughton High,1,4,25,38,179,145,323,309,564,488,1,0,36,28,2141,1052,632,324,5,63,1,64,0.491359178,1
2017,920352,920,Wake County Schools,352,Bugg Elementary,0,0,2,2,30,32,182,186,8,10,0,0,6,7,465,18,368,62,0,4,0,13,0.038709677,1
2017,920356,920,Wake County Schools,356,Carnage Middle,3,3,184,162,71,56,189,196,78,62,0,2,10,17,1033,140,385,127,6,346,2,27,0.13552759,1
2017,920358,920,Wake County Schools,358,Carpenter Elementary,3,0,149,139,55,45,38,47,174,143,0,3,11,24,831,317,85,100,3,288,3,35,0.381468111,1
2017,920360,920,Wake County Schools,360,Carroll Middle,2,1,12,17,110,122,161,134,225,166,0,2,21,21,994,391,295,232,3,29,2,42,0.393360161,1
2017,920362,920,Wake County Schools,362,Carver Elementary,0,1,0,1,69,68,57,51,74,103,0,0,9,6,439,177,108,137,1,1,0,15,0.403189066,1
2017,920364,920,Wake County Schools,364,Cary Elementary,1,0,16,15,88,77,27,39,143,141,2,0,9,7,565,284,66,165,1,31,2,16,0.502654867,0
2017,920368,920,Wake County Schools,368,Cary High,7,7,80,71,297,259,221,227,632,544,2,3,53,55,2458,1176,448,556,14,151,5,108,0.478437754,1
2017,920369,920,Wake County Schools,369,Cedar Fork Elementary,2,2,352,329,15,20,42,51,109,89,0,1,10,19,1041,198,93,35,4,681,1,29,0.190201729,1
2017,920370,920,Wake County Schools,370,Centennial Campus Middle,2,1,14,21,66,62,74,88,98,67,0,0,18,15,526,165,162,128,3,35,0,33,0.313688213,1
2017,920376,920,Wake County Schools,376,Combs Elementary,1,0,59,53,62,52,124,92,219,215,0,0,22,22,921,434,216,114,1,112,0,44,0.471226927,1
2017,920380,920,Wake County Schools,380,Conn Elementary,2,1,3,5,30,26,133,134,111,94,0,1,10,9,559,205,267,56,3,8,1,19,0.366726297,1
2017,920384,920,Wake County Schools,384,Creech Road Elementary,0,0,2,0,97,113,166,144,34,21,0,0,11,7,595,55,310,210,0,2,0,18,0.092436975,1
2017,920386,920,Wake County Schools,386,Crossroads FLEX,0,1,3,1,2,8,1,4,18,29,0,1,2,4,74,47,5,10,1,4,1,6,0.635135135,0
2017,920388,920,Wake County Schools,388,Daniels Middle,2,1,14,19,86,68,141,148,308,272,0,0,23,33,1115,580,289,154,3,33,0,56,0.520179372,0
2017,920390,920,Wake County Schools,390,Davis Drive Elementary,2,0,211,233,26,29,11,18,223,214,0,1,11,17,996,437,29,55,2,444,1,28,0.43875502,1
2017,920391,920,Wake County Schools,391,Davis Drive Middle,1,2,248,223,38,50,36,30,345,314,2,0,16,16,1321,659,66,88,3,471,2,32,0.498864497,1
2017,920393,920,Wake County Schools,393,Dillard Drive Elementary,0,0,34,15,75,77,137,109,99,118,2,1,21,18,706,217,246,152,0,49,3,39,0.307365439,1
2017,920394,920,Wake County Schools,394,Dillard Drive Middle,3,0,27,18,149,152,159,136,243,219,1,0,24,21,1152,462,295,301,3,45,1,45,0.401041667,1
2017,920396,920,Wake County Schools,396,Douglas Elementary,0,0,9,8,85,92,50,58,179,155,0,0,10,9,655,334,108,177,0,17,0,19,0.509923664,0
2017,920398,920,Wake County Schools,398,Durant Road Elementary,1,0,18,21,72,94,100,90,183,188,1,1,17,18,804,371,190,166,1,39,2,35,0.461442786,1
2017,920399,920,Wake County Schools,399,Durant Road Middle,4,3,20,19,105,108,184,135,230,206,1,0,21,26,1062,436,319,213,7,39,1,47,0.410546139,1
2017,920400,920,Wake County Schools,400,Reedy Creek Middle,4,0,23,17,121,103,78,103,173,132,0,0,23,30,807,305,181,224,4,40,0,53,0.377942999,1
2017,920402,920,Wake County Schools,402,East Cary Middle,2,1,54,44,94,77,70,79,250,235,0,0,18,31,955,485,149,171,3,98,0,49,0.507853403,0
2017,920403,920,Wake County Schools,403,East Garner Elementary,2,4,4,3,124,97,171,186,35,24,2,2,10,7,671,59,357,221,6,7,4,17,0.087928465,1
2017,920404,920,Wake County Schools,404,East Garner Middle,5,2,6,11,151,187,294,317,102,108,0,1,20,25,1229,210,611,338,7,17,1,45,0.170870627,1
2017,920408,920,Wake County Schools,408,East Millbrook Middle,1,0,18,16,166,110,249,254,47,60,1,0,19,17,958,107,503,276,1,34,1,36,0.111691023,1
2017,920410,920,Wake County Schools,410,East Wake Middle,2,1,7,3,205,173,171,130,60,38,0,1,20,9,820,98,301,378,3,10,1,29,0.119512195,1
2017,920411,920,Wake County Schools,411,East Wake High,3,4,4,5,179,174,291,277,240,191,0,0,23,24,1415,431,568,353,7,9,0,47,0.30459364,1
2017,920412,920,Wake County Schools,412,Enloe High,2,5,249,226,169,180,376,436,372,393,0,1,39,57,2505,765,812,349,7,475,1,96,0.305389222,1
2017,920413,920,Wake County Schools,413,Forestville Road Elementary,3,2,7,3,128,109,141,125,72,71,0,0,6,4,671,143,266,237,5,10,0,10,0.213114754,1
2017,920414,920,Wake County Schools,414,Farmington Woods Elementary,2,0,41,43,76,78,49,49,186,206,0,0,16,16,762,392,98,154,2,84,0,32,0.514435696,0
2017,920415,920,Wake County Schools,415,Fox Road Elementary,1,0,10,16,111,98,116,109,19,24,2,0,8,6,520,43,225,209,1,26,2,14,0.082692308,1
2017,920416,920,Wake County Schools,416,Fuller Elementary,3,3,144,88,46,58,90,81,35,21,1,0,3,3,576,56,171,104,6,232,1,6,0.097222222,1
2017,920417,920,Wake County Schools,417,Forest Pines Drive Elementary,5,1,23,6,58,62,85,68,130,164,1,0,7,10,620,294,153,120,6,29,1,17,0.474193548,1
2017,920420,920,Wake County Schools,420,Fuquay-Varina Elementary,2,0,8,5,87,85,61,78,203,266,0,0,21,16,832,469,139,172,2,13,0,37,0.563701923,0
2017,920424,920,Wake County Schools,424,Fuquay-Varina Middle,1,0,8,4,104,112,90,76,256,194,0,0,33,20,898,450,166,216,1,12,0,53,0.501113586,0
2017,920428,920,Wake County Schools,428,Fuquay-Varina High,5,3,20,13,165,187,194,188,720,651,1,0,55,44,2246,1371,382,352,8,33,1,99,0.610418522,0
2017,920436,920,Wake County Schools,436,Garner High,6,9,19,17,269,238,551,543,454,444,3,1,44,50,2648,898,1094,507,15,36,4,94,0.339123867,1
2017,920438,920,Wake County Schools,438,River Oaks Middle,0,0,0,0,18,1,16,8,6,2,0,0,2,1,54,8,24,19,0,0,0,3,0.148148148,1
2017,920439,920,Wake County Schools,439,Green Hope Elementary,1,1,250,208,20,30,25,22,147,138,0,1,10,10,863,285,47,50,2,458,1,20,0.330243337,1
2017,920440,920,Wake County Schools,440,Green Elementary,0,0,25,17,74,67,105,118,70,45,0,0,10,9,540,115,223,141,0,42,0,19,0.212962963,1
2017,920441,920,Wake County Schools,441,Green Hope High,3,2,379,402,83,103,119,107,762,739,2,7,39,57,2804,1501,226,186,5,781,9,96,0.535306705,0
2017,920442,920,Wake County Schools,442,Hilburn Drive Academy,1,3,24,26,64,60,95,92,189,196,0,0,16,9,775,385,187,124,4,50,0,25,0.496774194,1
2017,920443,920,Wake County Schools,443,Highcroft Elementary,2,0,204,174,27,30,18,17,238,216,0,0,9,10,945,454,35,57,2,378,0,19,0.48042328,1
2017,920444,920,Wake County Schools,444,Heritage Middle,1,2,19,14,44,46,74,86,504,465,0,2,19,22,1298,969,160,90,3,33,2,41,0.746533128,0
2017,920445,920,Wake County Schools,445,Heritage High,4,4,33,30,142,115,205,188,574,549,0,1,34,35,1914,1123,393,257,8,63,1,69,0.586729363,0
2017,920446,920,Wake County Schools,446,Hodge Road Elementary,0,0,6,3,183,220,83,77,20,19,0,0,8,13,632,39,160,403,0,9,0,21,0.061708861,1
2017,920447,920,Wake County Schools,447,Holly Springs Elementary,3,1,11,17,39,30,45,55,356,357,0,0,21,24,959,713,100,69,4,28,0,45,0.743482795,0
2017,920448,920,Wake County Schools,448,Hunter Elementary,2,2,34,41,33,30,126,132,131,122,0,1,4,18,676,253,258,63,4,75,1,22,0.374260355,1
2017,920449,920,Wake County Schools,449,Holly Ridge Elementary,2,0,8,13,39,32,50,55,314,301,0,0,10,9,833,615,105,71,2,21,0,19,0.738295318,0
2017,920450,920,Wake County Schools,450,Holly Ridge Middle,2,0,15,22,95,95,112,105,415,387,2,2,32,25,1309,802,217,190,2,37,4,57,0.612681436,0
2017,920451,920,Wake County Schools,451,Harris Creek Elementary,4,1,13,14,115,73,173,168,207,214,0,2,23,32,1039,421,341,188,5,27,2,55,0.405197305,1
2017,920452,920,Wake County Schools,452,Jeffreys Grove Elementary,0,0,8,4,48,41,55,70,144,142,0,0,10,11,533,286,125,89,0,12,0,21,0.536585366,0
2017,920453,920,Wake County Schools,453,Jones Dairy Elementary,0,0,13,14,27,18,54,31,328,307,0,2,6,5,805,635,85,45,0,27,2,11,0.788819876,0
2017,920454,920,Wake County Schools,454,Heritage Elementary,0,0,7,14,40,27,65,69,300,301,0,0,13,11,847,601,134,67,0,21,0,24,0.709563164,0
2017,920455,920,Wake County Schools,455,Holly Springs High,2,2,25,26,104,92,109,106,769,779,1,4,45,35,2099,1548,215,196,4,51,5,80,0.737494045,0
2017,920456,920,Wake County Schools,456,Joyner Elementary,1,0,4,4,57,52,60,64,227,223,1,0,4,9,706,450,124,109,1,8,1,13,0.637393768,0
2017,920457,920,Wake County Schools,457,Holly Grove Elementary,2,2,9,10,31,36,42,49,456,449,0,0,19,34,1139,905,91,67,4,19,0,53,0.794556629,0
2017,920458,920,Wake County Schools,458,Holly Grove Middle,0,1,7,16,112,112,92,90,564,532,0,0,38,32,1596,1096,182,224,1,23,0,70,0.686716792,0
2017,920460,920,Wake County Schools,460,Kingswood Elementary,0,1,33,22,65,57,28,31,66,77,0,0,8,5,393,143,59,122,1,55,0,13,0.363867684,1
2017,920464,920,Wake County Schools,464,Knightdale Elementary,0,1,11,17,127,114,140,143,39,37,0,0,12,9,650,76,283,241,1,28,0,21,0.116923077,1
2017,920466,920,Wake County Schools,466,Knightdale High,1,2,17,19,233,214,395,381,168,142,1,3,40,41,1657,310,776,447,3,36,4,81,0.187085094,1
2017,920467,920,Wake County Schools,467,Laurel Park Elementary,0,1,45,54,70,54,35,42,311,317,1,0,19,14,963,628,77,124,1,99,1,33,0.652128764,0
2017,920468,920,Wake County Schools,468,Lacy Elementary,0,0,11,9,27,31,53,43,273,256,0,0,7,5,715,529,96,58,0,20,0,12,0.73986014,0
2017,920469,920,Wake County Schools,469,Leesville Road Elementary,1,0,16,14,33,24,93,78,229,202,0,0,7,11,708,431,171,57,1,30,0,18,0.608757062,0
2017,920470,920,Wake County Schools,470,Lead Mine Elementary,0,0,6,4,34,43,62,69,134,118,0,0,12,8,490,252,131,77,0,10,0,20,0.514285714,0
2017,920471,920,Wake County Schools,471,Leesville Road Middle,3,0,15,21,50,69,131,125,256,296,1,0,20,25,1012,552,256,119,3,36,1,45,0.545454545,0
2017,920472,920,Wake County Schools,472,Ligon Middle,0,0,38,52,61,57,138,183,215,231,1,1,20,23,1020,446,321,118,0,90,2,43,0.437254902,1
2017,920473,920,Wake County Schools,473,Leesville Road High,2,4,49,46,136,160,275,239,740,761,1,0,56,67,2536,1501,514,296,6,95,1,123,0.591876972,0
2017,920474,920,Wake County Schools,474,Lake Myra Elementary,0,1,5,5,84,82,115,111,121,97,2,0,10,10,643,218,226,166,1,10,2,20,0.33903577,1
2017,920476,920,Wake County Schools,476,Lincoln Heights Elementary,1,1,3,3,74,68,81,81,70,72,0,1,7,6,468,142,162,142,2,6,1,13,0.303418803,1
2017,920480,920,Wake County Schools,480,Lockhart Elementary,0,0,2,4,90,72,123,102,91,82,0,0,10,7,583,173,225,162,0,6,0,17,0.296740995,1
2017,920484,920,Wake County Schools,484,Lufkin Road Middle,2,2,25,34,62,51,56,51,372,364,0,0,16,19,1054,736,107,113,4,59,0,35,0.69829222,0
2017,920488,920,Wake County Schools,488,Lynn Road Elementary,0,1,4,3,43,51,98,102,57,57,0,0,15,16,447,114,200,94,1,7,0,31,0.255033557,1
2017,920492,920,Wake County Schools,492,Martin Middle,1,2,38,66,68,60,77,88,286,298,0,1,17,18,1020,584,165,128,3,104,1,35,0.57254902,0
2017,920494,920,Wake County Schools,494,Middle Creek Elementary,1,1,9,10,69,55,29,48,306,285,0,2,16,8,839,591,77,124,2,19,2,24,0.704410012,0
2017,920495,920,Wake County Schools,495,Middle Creek High,2,7,19,26,219,176,249,200,696,640,1,2,41,41,2319,1336,449,395,9,45,3,82,0.576110392,0
2017,920496,920,Wake County Schools,496,Millbrook Elementary,5,0,10,8,110,102,179,142,42,37,1,1,14,10,661,79,321,212,5,18,2,24,0.119515885,1
2017,920500,920,Wake County Schools,500,Millbrook High,2,3,29,40,216,182,370,351,571,571,4,0,44,46,2429,1142,721,398,5,69,4,90,0.470152326,1
2017,920501,920,Wake County Schools,501,Mills Park Elementary,2,3,213,253,47,24,26,32,224,192,1,1,14,17,1049,416,58,71,5,466,2,31,0.39656816,1
2017,920502,920,Wake County Schools,502,Mills Park Middle,3,1,263,277,67,68,74,92,430,417,1,0,35,28,1756,847,166,135,4,540,1,63,0.482346241,1
2017,920504,920,Wake County Schools,504,Morrisville Elementary,0,1,129,123,18,25,30,30,204,200,0,2,22,17,801,404,60,43,1,252,2,39,0.504369538,0
2017,920506,920,Wake County Schools,506,Moore Square Museum Magnet Middle,0,0,1,5,35,36,68,73,100,92,0,0,8,10,428,192,141,71,0,6,0,18,0.448598131,1
2017,920508,920,Wake County Schools,508,Mount Vernon,0,0,2,0,17,8,31,8,20,4,2,0,2,0,94,24,39,25,0,2,2,2,0.255319149,1
2017,920512,920,Wake County Schools,512,North Garner Middle,1,1,11,6,87,72,129,110,174,170,0,0,14,13,788,344,239,159,2,17,0,27,0.436548223,1
2017,920514,920,Wake County Schools,514,North Forest Pines Elementary,0,1,10,10,65,64,56,47,250,210,0,1,6,7,727,460,103,129,1,20,1,13,0.632737276,0
2017,920516,920,Wake County Schools,516,North Ridge Elementary,1,1,12,13,52,46,76,87,182,166,0,0,8,6,650,348,163,98,2,25,0,14,0.535384615,0
2017,920520,920,Wake County Schools,520,Northwoods Elementary,0,0,37,33,63,65,42,38,102,108,0,0,12,8,508,210,80,128,0,70,0,20,0.413385827,1
2017,920521,920,Wake County Schools,521,Oakview Elementary,2,1,10,9,39,28,49,43,236,242,0,0,16,20,695,478,92,67,3,19,0,36,0.687769784,0
2017,920522,920,Wake County Schools,522,Oak Grove Elementary,1,0,22,26,63,59,27,21,239,243,0,1,22,14,738,482,48,122,1,48,1,36,0.653116531,0
2017,920523,920,Wake County Schools,523,Olive Chapel Elementary,3,2,54,42,51,33,18,18,366,334,0,0,18,9,948,700,36,84,5,96,0,27,0.738396624,0
2017,920524,920,Wake County Schools,524,Olds Elementary,0,0,1,3,12,7,34,36,115,106,1,0,5,5,325,221,70,19,0,4,1,10,0.68,0
2017,920525,920,Wake County Schools,525,Partnership Elementary,0,0,5,1,23,29,49,45,65,70,0,0,3,7,297,135,94,52,0,6,0,10,0.454545455,1
2017,920526,920,Wake County Schools,526,Panther Creek High,1,4,360,372,90,90,152,143,704,690,0,3,49,62,2720,1394,295,180,5,732,3,111,0.5125,0
2017,920528,920,Wake County Schools,528,Phillips High,0,1,0,1,15,29,36,42,9,4,0,1,4,3,145,13,78,44,1,1,1,7,0.089655172,1
2017,920529,920,Wake County Schools,529,Pine Hollow Middle,1,0,7,11,34,30,55,53,211,209,0,0,13,15,639,420,108,64,1,18,0,28,0.657276995,0
2017,920530,920,Wake County Schools,530,Penny Road Elementary,0,0,12,12,46,48,41,49,215,195,0,0,16,12,646,410,90,94,0,24,0,28,0.634674923,0
2017,920531,920,Wake County Schools,531,Pleasant Union Elementary,2,1,3,12,14,13,29,28,278,244,0,1,13,13,651,522,57,27,3,15,1,26,0.801843318,0
2017,920532,920,Wake County Schools,532,Poe Elementary,0,0,2,1,42,56,100,95,25,22,0,0,6,9,358,47,195,98,0,3,0,15,0.131284916,1
2017,920533,920,Wake County Schools,533,Pleasant Grove Elementary,1,0,18,9,43,46,70,71,85,72,1,0,8,13,437,157,141,89,1,27,1,21,0.359267735,1
2017,920536,920,Wake County Schools,536,Powell Elementary,1,2,3,4,33,22,112,107,45,47,0,0,1,4,381,92,219,55,3,7,0,5,0.241469816,1
2017,920540,920,Wake County Schools,540,Rand Road Elementary,0,0,6,8,43,41,50,38,166,185,1,0,10,6,554,351,88,84,0,14,1,16,0.633574007,0
2017,920542,920,Wake County Schools,542,Reedy Creek Elementary,3,0,21,22,111,98,93,92,94,91,0,0,12,6,643,185,185,209,3,43,0,18,0.287713841,1
2017,920543,920,Wake County Schools,543,Richland Creek Elementary,0,0,5,4,25,24,63,53,99,93,0,0,8,9,383,192,116,49,0,9,0,17,0.501305483,0
2017,920544,920,Wake County Schools,544,Rolesville Elementary,3,0,17,11,50,34,82,102,173,159,1,0,5,11,648,332,184,84,3,28,1,16,0.512345679,0
2017,920545,920,Wake County Schools,545,Rolesville Middle,2,2,26,22,140,143,194,183,284,280,2,1,31,24,1334,564,377,283,4,48,3,55,0.422788606,1
2017,920546,920,Wake County Schools,546,Rolesville High,3,5,40,30,227,214,402,413,336,334,2,2,43,45,2096,670,815,441,8,70,4,88,0.319656489,1
2017,920548,920,Wake County Schools,548,Root Elementary,0,0,3,2,16,19,48,41,182,184,0,0,5,5,505,366,89,35,0,5,0,10,0.724752475,0
2017,920550,920,Wake County Schools,550,Salem Elementary,0,0,37,22,86,79,28,21,163,135,0,0,6,8,585,298,49,165,0,59,0,14,0.509401709,0
2017,920551,920,Wake County Schools,551,Salem Middle,0,0,66,81,73,91,47,53,339,318,0,0,20,21,1109,657,100,164,0,147,0,41,0.592425609,0
2017,920552,920,Wake County Schools,552,Sanderson High,4,1,31,26,179,130,282,235,512,500,4,1,27,28,1960,1012,517,309,5,57,5,55,0.516326531,0
2017,920554,920,Wake County Schools,554,Sanford Creek Elementary,0,1,9,6,40,47,84,69,233,206,1,0,8,5,709,439,153,87,1,15,1,13,0.619181946,0
2017,920557,920,Wake County Schools,557,Scotts Ridge Elementary,0,1,19,13,29,26,9,12,332,303,0,1,20,11,776,635,21,55,1,32,1,31,0.818298969,0
2017,920560,920,Wake County Schools,560,Smith Elementary,0,0,8,5,146,131,108,83,43,37,0,0,9,7,577,80,191,277,0,13,0,16,0.13864818,1
2017,920562,920,Wake County Schools,562,Southeast Raleigh High,1,5,8,8,165,149,487,528,88,37,1,1,14,18,1510,125,1015,314,6,16,2,32,0.082781457,1
2017,920564,920,Wake County Schools,564,Stough Elementary,0,0,9,5,52,34,73,73,67,64,1,0,15,11,404,131,146,86,0,14,1,26,0.324257426,1
2017,920568,920,Wake County Schools,568,Swift Creek Elementary,1,0,13,8,36,51,59,65,114,108,0,0,17,14,486,222,124,87,1,21,0,31,0.456790123,1
2017,920569,920,Wake County Schools,569,Sycamore Creek Elementary,0,0,26,25,46,33,37,37,490,498,0,0,19,17,1228,988,74,79,0,51,0,36,0.804560261,0
2017,920570,920,Wake County Schools,570,Timber Drive Elementary,0,0,5,3,41,55,116,109,151,140,0,0,10,16,646,291,225,96,0,8,0,26,0.450464396,1
2017,920571,920,Wake County Schools,571,Turner Creek Elementary,0,0,55,65,40,45,49,41,207,199,3,1,19,22,746,406,90,85,0,120,4,41,0.544235925,0
2017,920572,920,Wake County Schools,572,Underwood Elementary,0,1,12,8,38,26,40,41,163,186,1,1,6,4,527,349,81,64,1,20,2,10,0.662239089,0
2017,920576,920,Wake County Schools,576,Vance Elementary,0,0,3,2,49,45,42,32,144,149,0,0,8,4,478,293,74,94,0,5,0,12,0.612970711,0
2017,920580,920,Wake County Schools,580,Vandora Springs Elementary,1,1,1,8,70,81,95,77,91,89,0,2,10,10,536,180,172,151,2,9,2,20,0.335820896,1
2017,920581,920,Wake County Schools,581,Vernon Malone College and Career Academy,0,1,4,3,42,56,54,68,81,34,1,1,12,4,361,115,122,98,1,7,2,16,0.318559557,1
2017,920582,920,Wake County Schools,582,Wake STEM Early College High School,1,0,22,11,16,14,15,34,85,46,0,0,6,7,257,131,49,30,1,33,0,13,0.509727626,0
2017,920583,920,Wake County Schools,583,Wake Early College of Health and Science,0,1,25,36,13,54,18,82,32,68,1,1,4,9,344,100,100,67,1,61,2,13,0.290697674,1
2017,920584,920,Wake County Schools,584,Wake Forest Elementary,2,1,6,4,22,34,63,63,134,108,0,2,9,13,461,242,126,56,3,10,2,22,0.52494577,0
2017,920585,920,Wake County Schools,585,Wake Young Men's Leadership Academy,0,0,27,0,44,0,104,0,64,0,0,0,13,0,252,64,104,44,0,27,0,13,0.253968254,1
2017,920586,920,Wake County Schools,586,Wake Young Women's Leadership Academy,0,0,0,16,0,52,0,129,0,101,0,0,0,15,313,101,129,52,0,16,0,15,0.322683706,1
2017,920588,920,Wake County Schools,588,Wake Forest High School,4,3,12,25,126,117,257,196,578,618,0,1,34,41,2012,1196,453,243,7,37,1,75,0.5944334,0
2017,920592,920,Wake County Schools,592,Wake Forest Middle School,1,1,22,17,117,88,157,179,290,228,1,0,20,23,1144,518,336,205,2,39,1,43,0.452797203,1
2017,920593,920,Wake County Schools,593,Wakefield Elementary,1,1,15,11,80,45,101,103,130,127,0,0,10,5,629,257,204,125,2,26,0,15,0.408585056,1
2017,920594,920,Wake County Schools,594,Wakefield Middle,3,3,18,21,56,53,116,102,305,273,1,0,18,27,996,578,218,109,6,39,1,45,0.580321285,0
2017,920595,920,Wake County Schools,595,Wakefield High,2,5,61,63,137,161,267,290,467,498,0,0,27,36,2014,965,557,298,7,124,0,63,0.479145978,1
2017,920596,920,Wake County Schools,596,Washington Elementary,2,2,101,97,51,39,89,83,70,71,0,0,5,2,612,141,172,90,4,198,0,7,0.230392157,1
2017,920597,920,Wake County Schools,597,Wakelon Elementary,1,1,1,0,88,78,108,112,53,62,1,0,12,14,531,115,220,166,2,1,1,26,0.216572505,1
2017,920598,920,Wake County Schools,598,Weatherstone Elementary,2,4,104,89,97,75,61,50,178,170,0,1,16,15,862,348,111,172,6,193,1,31,0.403712297,1
2017,920599,920,Wake County Schools,599,Walnut Creek Elementary,0,0,6,1,140,128,240,217,9,10,0,0,9,4,764,19,457,268,0,7,0,13,0.02486911,1
2017,920600,920,Wake County Schools,600,Wendell Elementary,1,3,10,9,58,60,80,54,123,121,0,0,8,11,538,244,134,118,4,19,0,19,0.453531599,1
